1		0.00949046	0	0.80771
2		0.00949046	5.0947e-05	0.80771
3		0.00949046	0.000101909	0.80771
4		0.00949046	0.000152903	0.80771
5		0.00949046	0.000203943	0.80771
6		0.00949046	0.000255044	0.80771
7		0.00949046	0.000306224	0.80771
8		0.00949046	0.000357496	0.80771
9		0.00949046	0.000408876	0.80771
10		0.00949046	0.000460381	0.80771
11		0.00949046	0.000512026	0.80771
12		0.00949046	0.000563826	0.80771
13		0.00949046	0.000615797	0.80771
14		0.00949046	0.000667956	0.80771
15		0.00949046	0.000720317	0.80771
16		0.00949046	0.000772897	0.80771
17		0.00949046	0.000825711	0.80771
18		0.00949046	0.000878777	0.80771
19		0.00949046	0.000932109	0.80771
20		0.00949046	0.000985724	0.80771
21		0.00949046	0.00103964	0.80771
22		0.00949046	0.00109387	0.80771
23		0.00949046	0.00114843	0.80771
24		0.00949046	0.00120334	0.80771
25		0.00949046	0.00125862	0.80771
26		0.00949046	0.00131428	0.80771
27		0.00949046	0.00137033	0.80771
28		0.00949046	0.00142681	0.80771
29		0.00949046	0.00148371	0.80771
30		0.00949046	0.00154107	0.80771
31		0.00949046	0.0015989	0.80771
32		0.00949046	0.00165721	0.80771
33		0.00949046	0.00171602	0.80771
34		0.00949046	0.00177536	0.80771
35		0.00949046	0.00183523	0.80771
36		0.00949046	0.00189566	0.80771
37		0.00949046	0.00195667	0.80771
38		0.00949046	0.00201827	0.80771
39		0.00949046	0.00208049	0.80771
40		0.00949046	0.00214333	0.80771
41		0.00949046	0.00220683	0.80771
42		0.00949046	0.002271	0.80771
43		0.00949046	0.00233585	0.80771
44		0.00949046	0.00240142	0.80771
45		0.00949046	0.00246771	0.80771
46		0.00949046	0.00253476	0.80771
47		0.00949046	0.00260257	0.80771
48		0.00949046	0.00267117	0.80771
49		0.00949046	0.00274059	0.80771
50		0.00949046	0.00281084	0.80771
51		0.00949046	0.00288194	0.80771
52		0.00949046	0.00295391	0.80771
53		0.00949046	0.00302678	0.80771
54		0.00949046	0.00310058	0.80771
55		0.00949046	0.00317531	0.80771
56		0.00949046	0.00325101	0.80771
57		0.00949046	0.00332769	0.80771
58		0.00949046	0.00340539	0.80771
59		0.00949046	0.00348412	0.80771
60		0.00949046	0.0035639	0.80771
61		0.00949046	0.00364477	0.80771
62		0.00949046	0.00372675	0.80771
63		0.00949046	0.00380985	0.80771
64		0.00949046	0.00389412	0.80771
65		0.00949046	0.00397957	0.80771
66		0.00949046	0.00406622	0.80771
67		0.00949046	0.00415411	0.80771
68		0.00949046	0.00424326	0.80771
69		0.00949046	0.0043337	0.80771
70		0.00949046	0.00442546	0.80771
71		0.00949046	0.00451856	0.80771
72		0.00949046	0.00461303	0.80771
73		0.00949046	0.0047089	0.80771
74		0.00949046	0.0048062	0.80771
75		0.00949046	0.00490496	0.80771
76		0.00949046	0.00500521	0.80771
77		0.00949046	0.00510698	0.80771
78		0.00949046	0.0052103	0.80771
79		0.00949046	0.00531521	0.80771
80		0.00949046	0.00542172	0.80771
81		0.00949046	0.00552989	0.80771
82		0.00949046	0.00563973	0.80771
83		0.00949046	0.00575128	0.80771
84		0.00949046	0.00586459	0.80771
85		0.00949046	0.00597967	0.80771
86		0.00949046	0.00609657	0.80771
87		0.00949046	0.00621531	0.80771
88		0.00949046	0.00633595	0.80771
89		0.00949046	0.00645851	0.80771
90		0.00949046	0.00658303	0.80771
91		0.00949046	0.00670955	0.80771
92		0.00949046	0.00683811	0.80771
93		0.00949046	0.00696874	0.80771
94		0.00949046	0.00710149	0.80771
95		0.00949046	0.0072364	0.80771
96		0.00949046	0.0073735	0.80771
97		0.00949046	0.00751284	0.80771
98		0.00949046	0.00765447	0.80771
99		0.00949046	0.00779841	0.80771
100		0.00949046	0.00794473	0.80771
101		0.00949046	0.00809346	0.80771
102		0.00949046	0.00824464	0.80771
103		0.00949046	0.00839833	0.80771
104		0.00949046	0.00855457	0.80771
105		0.00949046	0.00871341	0.80771
106		0.00949046	0.00887489	0.80771
107		0.00949046	0.00903907	0.80771
108		0.00949046	0.00920599	0.80771
109		0.00949046	0.00937571	0.80771
110		0.00949046	0.00954827	0.80771
111		0.00949046	0.00972373	0.80771
112		0.00949046	0.00990215	0.80771
113		0.00949046	0.0100836	0.80771
114		0.00949046	0.0102681	0.80771
115		0.00949046	0.0104557	0.80771
116		0.00949046	0.0106464	0.80771
117		0.00949046	0.0108404	0.80771
118		0.00949046	0.0110377	0.80771
119		0.00949046	0.0112384	0.80771
120		0.00949046	0.0114425	0.80771
121		0.00949046	0.01165	0.80771
122		0.00949046	0.0118611	0.80771
123		0.00949046	0.0120758	0.80771
124		0.00949046	0.0122941	0.80771
125		0.00949046	0.0125162	0.80771
126		0.00949046	0.0127421	0.80771
127		0.00949046	0.0129718	0.80771
128		0.00949046	0.0132055	0.80771
129		0.00949046	0.0134432	0.80771
130		0.00949046	0.013685	0.80771
131		0.00949046	0.0139309	0.80771
132		0.00949046	0.0141811	0.80771
133		0.00949046	0.0144355	0.80771
134		0.00949046	0.0146944	0.80771
135		0.00949046	0.0149577	0.80771
136		0.00949046	0.0152256	0.80771
137		0.00949046	0.015498	0.80771
138		0.00949046	0.0157752	0.80771
139		0.00949046	0.0160572	0.80771
140		0.00949046	0.0163441	0.80771
141		0.00949046	0.0166359	0.80771
142		0.00949046	0.0169327	0.80771
143		0.00949046	0.0172347	0.80771
144		0.00949046	0.017542	0.80771
145		0.00949046	0.0178546	0.80771
146		0.00949046	0.0181725	0.80771
147		0.00949046	0.0184961	0.80771
148		0.00949046	0.0188252	0.80771
149		0.00949046	0.01916	0.80771
150		0.00949046	0.0195007	0.80771
151		0.00949046	0.0198472	0.80771
152		0.00949046	0.0201999	0.80771
153		0.00949046	0.0205586	0.80771
154		0.00949046	0.0209236	0.80771
155		0.00949046	0.0212949	0.80771
156		0.00949046	0.0216727	0.80771
157		0.00949046	0.0220571	0.80771
158		0.00949046	0.0224482	0.80771
159		0.00949046	0.0228461	0.80771
160		0.00949046	0.0232509	0.80771
161		0.00949046	0.0236628	0.80771
162		0.00949046	0.0240819	0.80771
163		0.00949046	0.0245082	0.80771
164		0.00949046	0.0249421	0.80771
165		0.00949046	0.0253835	0.80771
166		0.00949046	0.0258326	0.80771
167		0.00949046	0.0262896	0.80771
168		0.00949046	0.0267545	0.80771
169		0.00949046	0.0272276	0.80771
170		0.00949046	0.0277089	0.80771
171		0.00949046	0.0281986	0.80771
172		0.00949046	0.0286969	0.80771
173		0.00949046	0.0292039	0.80771
174		0.00949046	0.0297198	0.80771
175		0.00949046	0.0302447	0.80771
176		0.00949046	0.0307788	0.80771
177		0.00949046	0.0313223	0.80771
178		0.00949046	0.0318752	0.80771
179		0.00949046	0.0324379	0.80771
180		0.00949046	0.0330103	0.80771
181		0.00949046	0.0335928	0.80771
182		0.00949046	0.0341856	0.80771
183		0.00949046	0.0347886	0.80771
184		0.00949046	0.0354023	0.80771
185		0.00949046	0.0360267	0.80771
186		0.00949046	0.036662	0.80771
187		0.00949046	0.0373085	0.80771
188		0.00949046	0.0379663	0.80771
189		0.00949046	0.0386356	0.80771
190		0.00949046	0.0393167	0.80771
191		0.00949046	0.0400097	0.80771
192		0.00949046	0.0407148	0.80771
193		0.00949046	0.041432	0.80771
194		0.00949046	0.042161	0.80771
195		0.00949046	0.042901	0.80771
196		0.00949046	0.0436511	0.80771
197		0.00949046	0.0444098	0.80771
198		0.00949046	0.0451758	0.80771
199		0.00949046	0.0459474	0.80771
200		0.00949046	0.0467227	0.80771
201		0.00949046	0.0475	0.80771
202		0.00949046	0.0482773	0.80771
203		0.00949046	0.0490526	0.80771
204		0.00949046	0.0498242	0.80771
205		0.00949046	0.0505902	0.80771
206		0.00949046	0.0513489	0.80771
207		0.00949046	0.052099	0.80771
208		0.00949046	0.052839	0.80771
209		0.00949046	0.053568	0.80771
210		0.00949046	0.0542852	0.80771
211		0.00949046	0.0549903	0.80771
212		0.00949046	0.0556833	0.80771
213		0.00949046	0.0563644	0.80771
214		0.00949046	0.0570337	0.80771
215		0.00949046	0.0576915	0.80771
216		0.00949046	0.058338	0.80771
217		0.00949046	0.0589733	0.80771
218		0.00949046	0.0595977	0.80771
219		0.00949046	0.0602114	0.80771
220		0.00949046	0.0608144	0.80771
221		0.00949046	0.0614071	0.80771
222		0.00949046	0.0619896	0.80771
223		0.00949046	0.0625621	0.80771
224		0.00949046	0.0631248	0.80771
225		0.00949046	0.0636777	0.80771
226		0.00949046	0.0642211	0.80771
227		0.00949046	0.0647552	0.80771
228		0.00949046	0.0652801	0.80771
229		0.00949046	0.065796	0.80771
230		0.00949046	0.0663031	0.80771
231		0.00949046	0.0668014	0.80771
232		0.00949046	0.0672911	0.80771
233		0.00949046	0.0677724	0.80771
234		0.00949046	0.0682455	0.80771
235		0.00949046	0.0687104	0.80771
236		0.00949046	0.0691674	0.80771
237		0.00949046	0.0696165	0.80771
238		0.00949046	0.0700579	0.80771
239		0.00949046	0.0704917	0.80771
240		0.00949046	0.0709181	0.80771
241		0.00949046	0.0713372	0.80771
242		0.00949046	0.0717491	0.80771
243		0.00949046	0.0721539	0.80771
244		0.00949046	0.0725518	0.80771
245		0.00949046	0.0729429	0.80771
246		0.00949046	0.0733273	0.80771
247		0.00949046	0.0737051	0.80771
248		0.00949046	0.0740764	0.80771
249		0.00949046	0.0744414	0.80771
250		0.00949046	0.0748001	0.80771
251		0.00949046	0.0751527	0.80771
252		0.00949046	0.0754993	0.80771
253		0.00949046	0.07584	0.80771
254		0.00949046	0.0761748	0.80771
255		0.00949046	0.0765039	0.80771
256		0.00949046	0.0768274	0.80771
257		0.00949046	0.0771454	0.80771
258		0.00949046	0.077458	0.80771
259		0.00949046	0.0777652	0.80771
260		0.00949046	0.0780672	0.80771
261		0.00949046	0.0783641	0.80771
262		0.00949046	0.0786559	0.80771
263		0.00949046	0.0789428	0.80771
264		0.00949046	0.0792247	0.80771
265		0.00949046	0.0795019	0.80771
266		0.00949046	0.0797744	0.80771
267		0.00949046	0.0800423	0.80771
268		0.00949046	0.0803056	0.80771
269		0.00949046	0.0805644	0.80771
270		0.00949046	0.0808189	0.80771
271		0.00949046	0.0810691	0.80771
272		0.00949046	0.081315	0.80771
273		0.00949046	0.0815568	0.80771
274		0.00949046	0.0817945	0.80771
275		0.00949046	0.0820282	0.80771
276		0.00949046	0.0822579	0.80771
277		0.00949046	0.0824838	0.80771
278		0.00949046	0.0827059	0.80771
279		0.00949046	0.0829242	0.80771
280		0.00949046	0.0831389	0.80771
281		0.00949046	0.08335	0.80771
282		0.00949046	0.0835575	0.80771
283		0.00949046	0.0837616	0.80771
284		0.00949046	0.0839622	0.80771
285		0.00949046	0.0841595	0.80771
286		0.00949046	0.0843535	0.80771
287		0.00949046	0.0845443	0.80771
288		0.00949046	0.0847319	0.80771
289		0.00949046	0.0849164	0.80771
290		0.00949046	0.0850978	0.80771
291		0.00949046	0.0852762	0.80771
292		0.00949046	0.0854517	0.80771
293		0.00949046	0.0856243	0.80771
294		0.00949046	0.085794	0.80771
295		0.00949046	0.0859609	0.80771
296		0.00949046	0.0861251	0.80771
297		0.00949046	0.0862866	0.80771
298		0.00949046	0.0864454	0.80771
299		0.00949046	0.0866016	0.80771
300		0.00949046	0.0867553	0.80771
301		0.00949046	0.0869065	0.80771
302		0.00949046	0.0870552	0.80771
303		0.00949046	0.0872015	0.80771
304		0.00949046	0.0873455	0.80771
305		0.00949046	0.0874871	0.80771
306		0.00949046	0.0876265	0.80771
307		0.00949046	0.0877636	0.80771
308		0.00949046	0.0878985	0.80771
309		0.00949046	0.0880312	0.80771
310		0.00949046	0.0881618	0.80771
311		0.00949046	0.0882904	0.80771
312		0.00949046	0.0884169	0.80771
313		0.00949046	0.0885414	0.80771
314		0.00949046	0.088664	0.80771
315		0.00949046	0.0887846	0.80771
316		0.00949046	0.0889034	0.80771
317		0.00949046	0.0890203	0.80771
318		0.00949046	0.0891354	0.80771
319		0.00949046	0.0892487	0.80771
320		0.00949046	0.0893602	0.80771
321		0.00949046	0.0894701	0.80771
322		0.00949046	0.0895782	0.80771
323		0.00949046	0.0896847	0.80771
324		0.00949046	0.0897896	0.80771
325		0.00949046	0.089893	0.80771
326		0.00949046	0.0899947	0.80771
327		0.00949046	0.090095	0.80771
328		0.00949046	0.0901937	0.80771
329		0.00949046	0.090291	0.80771
330		0.00949046	0.0903869	0.80771
331		0.00949046	0.0904814	0.80771
332		0.00949046	0.0905745	0.80771
333		0.00949046	0.0906662	0.80771
334		0.00949046	0.0907567	0.80771
335		0.00949046	0.0908458	0.80771
336		0.00949046	0.0909337	0.80771
337		0.00949046	0.0910204	0.80771
338		0.00949046	0.0911058	0.80771
339		0.00949046	0.0911901	0.80771
340		0.00949046	0.0912732	0.80771
341		0.00949046	0.0913551	0.80771
342		0.00949046	0.091436	0.80771
343		0.00949046	0.0915158	0.80771
344		0.00949046	0.0915945	0.80771
345		0.00949046	0.0916722	0.80771
346		0.00949046	0.0917489	0.80771
347		0.00949046	0.0918246	0.80771
348		0.00949046	0.0918993	0.80771
349		0.00949046	0.0919731	0.80771
350		0.00949046	0.092046	0.80771
351		0.00949046	0.092118	0.80771
352		0.00949046	0.0921891	0.80771
353		0.00949046	0.0922593	0.80771
354		0.00949046	0.0923287	0.80771
355		0.00949046	0.0923973	0.80771
356		0.00949046	0.0924651	0.80771
357		0.00949046	0.0925322	0.80771
358		0.00949046	0.0925985	0.80771
359		0.00949046	0.092664	0.80771
360		0.00949046	0.0927289	0.80771
361		0.00949046	0.0927931	0.80771
362		0.00949046	0.0928566	0.80771
363		0.00949046	0.0929194	0.80771
364		0.00949046	0.0929816	0.80771
365		0.00949046	0.0930432	0.80771
366		0.00949046	0.0931042	0.80771
367		0.00949046	0.0931646	0.80771
368		0.00949046	0.0932245	0.80771
369		0.00949046	0.0932838	0.80771
370		0.00949046	0.0933427	0.80771
371		0.00949046	0.093401	0.80771
372		0.00949046	0.0934588	0.80771
373		0.00949046	0.0935161	0.80771
374		0.00949046	0.093573	0.80771
375		0.00949046	0.0936295	0.80771
376		0.00949046	0.0936856	0.80771
377		0.00949046	0.0937412	0.80771
378		0.00949046	0.0937965	0.80771
379		0.00949046	0.0938514	0.80771
380		0.00949046	0.093906	0.80771
381		0.00949046	0.0939602	0.80771
382		0.00949046	0.0940141	0.80771
383		0.00949046	0.0940677	0.80771
384		0.00949046	0.0941211	0.80771
385		0.00949046	0.0941741	0.80771
386		0.00949046	0.0942269	0.80771
387		0.00949046	0.0942795	0.80771
388		0.00949046	0.0943319	0.80771
389		0.00949046	0.094384	0.80771
390		0.00949046	0.094436	0.80771
391		0.00949046	0.0944878	0.80771
392		0.00949046	0.0945394	0.80771
393		0.00949046	0.0945909	0.80771
394		0.00949046	0.0946423	0.80771
395		0.00949046	0.0946936	0.80771
396		0.00949046	0.0947447	0.80771
397		0.00949046	0.0947958	0.80771
398		0.00949046	0.0948469	0.80771
399		0.00949046	0.0948979	0.80771
400		0.00949046	0.0949488	0.80771
401		0.00949046	0.0949998	0.80771
402		0.00949046	0.0949998	0.80771
403		0.00953068	0.0949488	0.80771
404		0.00957091	0.0948979	0.80771
405		0.00961117	0.0948469	0.80771
406		0.00965147	0.0947958	0.80771
407		0.00969181	0.0947447	0.80771
408		0.00973222	0.0946935	0.80771
409		0.00977269	0.0946423	0.80771
410		0.00981326	0.0945909	0.80771
411		0.00985392	0.0945394	0.80771
412		0.00989469	0.0944877	0.80771
413		0.00993559	0.0944359	0.80771
414		0.00997662	0.094384	0.80771
415		0.0100178	0.0943318	0.80771
416		0.0100591	0.0942795	0.80771
417		0.0101006	0.0942269	0.80771
418		0.0101423	0.0941741	0.80771
419		0.0101842	0.094121	0.80771
420		0.0102263	0.0940677	0.80771
421		0.0102687	0.094014	0.80771
422		0.0103112	0.0939601	0.80771
423		0.010354	0.0939059	0.80771
424		0.0103971	0.0938513	0.80771
425		0.0104405	0.0937964	0.80771
426		0.0104841	0.0937412	0.80771
427		0.010528	0.0936855	0.80771
428		0.0105723	0.0936294	0.80771
429		0.0106169	0.093573	0.80771
430		0.0106618	0.0935161	0.80771
431		0.0107071	0.0934587	0.80771
432		0.0107527	0.0934009	0.80771
433		0.0107988	0.0933426	0.80771
434		0.0108452	0.0932837	0.80771
435		0.0108921	0.0932244	0.80771
436		0.0109393	0.0931645	0.80771
437		0.010987	0.0931041	0.80771
438		0.0110352	0.0930431	0.80771
439		0.0110838	0.0929815	0.80771
440		0.0111329	0.0929193	0.80771
441		0.0111826	0.0928564	0.80771
442		0.0112327	0.0927929	0.80771
443		0.0112834	0.0927288	0.80771
444		0.0113346	0.0926639	0.80771
445		0.0113863	0.0925984	0.80771
446		0.0114387	0.0925321	0.80771
447		0.0114916	0.092465	0.80771
448		0.0115451	0.0923972	0.80771
449		0.0115993	0.0923286	0.80771
450		0.0116541	0.0922592	0.80771
451		0.0117095	0.0921889	0.80771
452		0.0117657	0.0921178	0.80771
453		0.0118225	0.0920459	0.80771
454		0.01188	0.091973	0.80771
455		0.0119383	0.0918992	0.80771
456		0.0119973	0.0918245	0.80771
457		0.012057	0.0917488	0.80771
458		0.0121176	0.0916721	0.80771
459		0.0121789	0.0915944	0.80771
460		0.0122411	0.0915157	0.80771
461		0.0123041	0.0914359	0.80771
462		0.0123679	0.091355	0.80771
463		0.0124326	0.091273	0.80771
464		0.0124982	0.0911899	0.80771
465		0.0125648	0.0911056	0.80771
466		0.0126322	0.0910202	0.80771
467		0.0127006	0.0909335	0.80771
468		0.01277	0.0908457	0.80771
469		0.0128404	0.0907565	0.80771
470		0.0129118	0.0906661	0.80771
471		0.0129842	0.0905743	0.80771
472		0.0130577	0.0904812	0.80771
473		0.0131323	0.0903867	0.80771
474		0.013208	0.0902909	0.80771
475		0.0132848	0.0901936	0.80771
476		0.0133628	0.0900948	0.80771
477		0.0134419	0.0899946	0.80771
478		0.0135223	0.0898928	0.80771
479		0.0136039	0.0897895	0.80771
480		0.0136867	0.0896846	0.80771
481		0.0137708	0.089578	0.80771
482		0.0138562	0.0894699	0.80771
483		0.0139429	0.08936	0.80771
484		0.014031	0.0892485	0.80771
485		0.0141204	0.0891352	0.80771
486		0.0142113	0.0890201	0.80771
487		0.0143035	0.0889032	0.80771
488		0.0143973	0.0887845	0.80771
489		0.0144925	0.0886638	0.80771
490		0.0145893	0.0885413	0.80771
491		0.0146876	0.0884167	0.80771
492		0.0147875	0.0882902	0.80771
493		0.014889	0.0881617	0.80771
494		0.0149921	0.088031	0.80771
495		0.0150969	0.0878983	0.80771
496		0.0152034	0.0877634	0.80771
497		0.0153116	0.0876263	0.80771
498		0.0154217	0.0874869	0.80771
499		0.0155335	0.0873453	0.80771
500		0.0156471	0.0872014	0.80771
501		0.0157626	0.087055	0.80771
502		0.01588	0.0869063	0.80771
503		0.0159994	0.0867551	0.80771
504		0.0161207	0.0866014	0.80771
505		0.0162441	0.0864452	0.80771
506		0.0163695	0.0862864	0.80771
507		0.016497	0.0861249	0.80771
508		0.0166266	0.0859607	0.80771
509		0.0167584	0.0857938	0.80771
510		0.0168923	0.0856241	0.80771
511		0.0170286	0.0854515	0.80771
512		0.0171671	0.085276	0.80771
513		0.017308	0.0850976	0.80771
514		0.0174512	0.0849162	0.80771
515		0.0175968	0.0847317	0.80771
516		0.0177449	0.0845441	0.80771
517		0.0178955	0.0843533	0.80771
518		0.0180487	0.0841593	0.80771
519		0.0182045	0.083962	0.80771
520		0.0183629	0.0837614	0.80771
521		0.018524	0.0835573	0.80771
522		0.0186878	0.0833498	0.80771
523		0.0188545	0.0831387	0.80771
524		0.019024	0.082924	0.80771
525		0.0191963	0.0827057	0.80771
526		0.0193717	0.0824836	0.80771
527		0.01955	0.0822577	0.80771
528		0.0197314	0.082028	0.80771
529		0.0199159	0.0817943	0.80771
530		0.0201035	0.0815566	0.80771
531		0.0202944	0.0813148	0.80771
532		0.0204886	0.0810689	0.80771
533		0.0206861	0.0808187	0.80771
534		0.0208869	0.0805642	0.80771
535		0.0210913	0.0803054	0.80771
536		0.0212992	0.0800421	0.80771
537		0.0215107	0.0797742	0.80771
538		0.0217258	0.0795017	0.80771
539		0.0219446	0.0792245	0.80771
540		0.0221672	0.0789426	0.80771
541		0.0223937	0.0786557	0.80771
542		0.0226241	0.0783639	0.80771
543		0.0228584	0.078067	0.80771
544		0.0230968	0.077765	0.80771
545		0.0233394	0.0774578	0.80771
546		0.0235862	0.0771452	0.80771
547		0.0238372	0.0768272	0.80771
548		0.0240926	0.0765037	0.80771
549		0.0243524	0.0761746	0.80771
550		0.0246168	0.0758398	0.80771
551		0.0248857	0.0754991	0.80771
552		0.0251594	0.0751525	0.80771
553		0.0254377	0.0747999	0.80771
554		0.0257209	0.0744412	0.80771
555		0.0260091	0.0740762	0.80771
556		0.0263022	0.0737049	0.80771
557		0.0266005	0.0733271	0.80771
558		0.026904	0.0729427	0.80771
559		0.0272127	0.0725516	0.80771
560		0.0275268	0.0721537	0.80771
561		0.0278464	0.0717489	0.80771
562		0.0281716	0.071337	0.80771
563		0.0285025	0.0709179	0.80771
564		0.0288391	0.0704915	0.80771
565		0.0291816	0.0700577	0.80771
566		0.0295301	0.0696163	0.80771
567		0.0298846	0.0691672	0.80771
568		0.0302454	0.0687102	0.80771
569		0.0306124	0.0682453	0.80771
570		0.0309859	0.0677722	0.80771
571		0.0313659	0.0672909	0.80771
572		0.0317525	0.0668011	0.80771
573		0.0321459	0.0663028	0.80771
574		0.0325462	0.0657958	0.80771
575		0.0329535	0.0652799	0.80771
576		0.0333679	0.064755	0.80771
577		0.0337896	0.0642209	0.80771
578		0.0342186	0.0636775	0.80771
579		0.0346551	0.0631245	0.80771
580		0.0350993	0.0625619	0.80771
581		0.0355513	0.0619894	0.80771
582		0.0360111	0.0614069	0.80771
583		0.0364791	0.0608142	0.80771
584		0.0369552	0.0602111	0.80771
585		0.0374396	0.0595975	0.80771
586		0.0379326	0.0589731	0.80771
587		0.0384342	0.0583378	0.80771
588		0.0389445	0.0576913	0.80771
589		0.0394639	0.0570335	0.80771
590		0.0399923	0.0563642	0.80771
591		0.0405299	0.0556831	0.80771
592		0.041077	0.0549901	0.80771
593		0.0416337	0.054285	0.80771
594		0.0422	0.0535677	0.80771
595		0.0427755	0.0528388	0.80771
596		0.0433597	0.0520987	0.80771
597		0.0439518	0.0513487	0.80771
598		0.0445509	0.05059	0.80771
599		0.0451556	0.049824	0.80771
600		0.0457647	0.0490524	0.80771
601		0.0463768	0.0482771	0.80771
602		0.0469905	0.0474998	0.80771
603		0.0476041	0.0467225	0.80771
604		0.0482162	0.0459471	0.80771
605		0.0488254	0.0451756	0.80771
606		0.0494301	0.0444096	0.80771
607		0.0500291	0.0436508	0.80771
608		0.0506212	0.0429008	0.80771
609		0.0512055	0.0421608	0.80771
610		0.051781	0.0414318	0.80771
611		0.0523472	0.0407146	0.80771
612		0.0529039	0.0400094	0.80771
613		0.053451	0.0393164	0.80771
614		0.0539887	0.0386354	0.80771
615		0.0545171	0.0379661	0.80771
616		0.0550364	0.0373083	0.80771
617		0.0555468	0.0366618	0.80771
618		0.0560484	0.0360265	0.80771
619		0.0565413	0.0354021	0.80771
620		0.0570258	0.0347884	0.80771
621		0.0575019	0.0341853	0.80771
622		0.0579698	0.0335926	0.80771
623		0.0584297	0.0330101	0.80771
624		0.0588816	0.0324376	0.80771
625		0.0593258	0.031875	0.80771
626		0.0597624	0.0313221	0.80771
627		0.0601914	0.0307786	0.80771
628		0.0606131	0.0302445	0.80771
629		0.0610275	0.0297196	0.80771
630		0.0614347	0.0292037	0.80771
631		0.061835	0.0286967	0.80771
632		0.0622284	0.0281984	0.80771
633		0.0626151	0.0277087	0.80771
634		0.0629951	0.0272273	0.80771
635		0.0633685	0.0267543	0.80771
636		0.0637356	0.0262893	0.80771
637		0.0640963	0.0258324	0.80771
638		0.0644509	0.0253833	0.80771
639		0.0647994	0.0249419	0.80771
640		0.0651419	0.024508	0.80771
641		0.0654785	0.0240816	0.80771
642		0.0658093	0.0236626	0.80771
643		0.0661345	0.0232507	0.80771
644		0.0664541	0.0228458	0.80771
645		0.0667683	0.022448	0.80771
646		0.067077	0.0220569	0.80771
647		0.0673805	0.0216725	0.80771
648		0.0676787	0.0212947	0.80771
649		0.0679719	0.0209234	0.80771
650		0.06826	0.0205584	0.80771
651		0.0685432	0.0201996	0.80771
652		0.0688216	0.019847	0.80771
653		0.0690952	0.0195005	0.80771
654		0.0693642	0.0191598	0.80771
655		0.0696285	0.018825	0.80771
656		0.0698884	0.0184958	0.80771
657		0.0701438	0.0181723	0.80771
658		0.0703948	0.0178543	0.80771
659		0.0706416	0.0175418	0.80771
660		0.0708841	0.0172345	0.80771
661		0.0711226	0.0169325	0.80771
662		0.0713569	0.0166357	0.80771
663		0.0715873	0.0163439	0.80771
664		0.0718138	0.016057	0.80771
665		0.0720364	0.015775	0.80771
666		0.0722552	0.0154978	0.80771
667		0.0724703	0.0152254	0.80771
668		0.0726818	0.0149575	0.80771
669		0.0728897	0.0146942	0.80771
670		0.073094	0.0144353	0.80771
671		0.0732949	0.0141809	0.80771
672		0.0734924	0.0139307	0.80771
673		0.0736866	0.0136848	0.80771
674		0.0738775	0.013443	0.80771
675		0.0740651	0.0132053	0.80771
676		0.0742496	0.0129716	0.80771
677		0.074431	0.0127419	0.80771
678		0.0746093	0.012516	0.80771
679		0.0747847	0.0122939	0.80771
680		0.074957	0.0120756	0.80771
681		0.0751265	0.0118609	0.80771
682		0.0752932	0.0116498	0.80771
683		0.075457	0.0114423	0.80771
684		0.0756181	0.0112382	0.80771
685		0.0757765	0.0110375	0.80771
686		0.0759323	0.0108402	0.80771
687		0.0760855	0.0106462	0.80771
688		0.0762361	0.0104555	0.80771
689		0.0763842	0.0102679	0.80771
690		0.0765298	0.0100834	0.80771
691		0.0766731	0.00990195	0.80771
692		0.0768139	0.00972354	0.80771
693		0.0769524	0.00954807	0.80771
694		0.0770887	0.00937551	0.80771
695		0.0772227	0.00920579	0.80771
696		0.0773544	0.00903887	0.80771
697		0.0774841	0.0088747	0.80771
698		0.0776115	0.00871322	0.80771
699		0.0777369	0.00855438	0.80771
700		0.0778603	0.00839814	0.80771
701		0.0779816	0.00824445	0.80771
702		0.078101	0.00809327	0.80771
703		0.0782184	0.00794454	0.80771
704		0.0783339	0.00779823	0.80771
705		0.0784476	0.00765428	0.80771
706		0.0785594	0.00751266	0.80771
707		0.0786694	0.00737331	0.80771
708		0.0787776	0.00723621	0.80771
709		0.0788841	0.00710131	0.80771
710		0.0789889	0.00696856	0.80771
711		0.0790921	0.00683793	0.80771
712		0.0791936	0.00670937	0.80771
713		0.0792934	0.00658285	0.80771
714		0.0793918	0.00645833	0.80771
715		0.0794885	0.00633577	0.80771
716		0.0795838	0.00621514	0.80771
717		0.0796775	0.00609639	0.80771
718		0.0797698	0.00597949	0.80771
719		0.0798607	0.00586441	0.80771
720		0.0799501	0.00575111	0.80771
721		0.0800382	0.00563956	0.80771
722		0.0801249	0.00552971	0.80771
723		0.0802103	0.00542155	0.80771
724		0.0802944	0.00531504	0.80771
725		0.0803772	0.00521013	0.80771
726		0.0804588	0.00510681	0.80771
727		0.0805391	0.00500504	0.80771
728		0.0806183	0.00490479	0.80771
729		0.0806962	0.00480603	0.80771
730		0.0807731	0.00470873	0.80771
731		0.0808488	0.00461286	0.80771
732		0.0809233	0.00451839	0.80771
733		0.0809968	0.0044253	0.80771
734		0.0810693	0.00433354	0.80771
735		0.0811407	0.0042431	0.80771
736		0.0812111	0.00415395	0.80771
737		0.0812805	0.00406606	0.80771
738		0.0813489	0.00397941	0.80771
739		0.0814163	0.00389397	0.80771
740		0.0814829	0.0038097	0.80771
741		0.0815485	0.0037266	0.80771
742		0.0816132	0.00364462	0.80771
743		0.0816771	0.00356375	0.80771
744		0.08174	0.00348397	0.80771
745		0.0818022	0.00340524	0.80771
746		0.0818635	0.00332755	0.80771
747		0.0819241	0.00325086	0.80771
748		0.0819839	0.00317517	0.80771
749		0.0820429	0.00310044	0.80771
750		0.0821011	0.00302665	0.80771
751		0.0821587	0.00295378	0.80771
752		0.0822155	0.0028818	0.80771
753		0.0822716	0.0028107	0.80771
754		0.0823271	0.00274046	0.80771
755		0.0823819	0.00267104	0.80771
756		0.0824361	0.00260244	0.80771
757		0.0824896	0.00253463	0.80771
758		0.0825425	0.00246759	0.80771
759		0.0825949	0.00240129	0.80771
760		0.0826466	0.00233573	0.80771
761		0.0826978	0.00227088	0.80771
762		0.0827485	0.00220671	0.80771
763		0.0827986	0.00214322	0.80771
764		0.0828483	0.00208037	0.80771
765		0.0828974	0.00201816	0.80771
766		0.082946	0.00195656	0.80771
767		0.0829942	0.00189556	0.80771
768		0.0830419	0.00183513	0.80771
769		0.0830892	0.00177526	0.80771
770		0.083136	0.00171592	0.80771
771		0.0831825	0.00165711	0.80771
772		0.0832285	0.0015988	0.80771
773		0.0832742	0.00154098	0.80771
774		0.0833195	0.00148363	0.80771
775		0.0833644	0.00142672	0.80771
776		0.083409	0.00137025	0.80771
777		0.0834532	0.00131419	0.80771
778		0.0834972	0.00125854	0.80771
779		0.0835408	0.00120327	0.80771
780		0.0835842	0.00114836	0.80771
781		0.0836273	0.0010938	0.80771
782		0.0836701	0.00103957	0.80771
783		0.0837127	0.000985659	0.80771
784		0.083755	0.000932046	0.80771
785		0.0837971	0.000878717	0.80771
786		0.083839	0.000825655	0.80771
787		0.0838807	0.000772844	0.80771
788		0.0839222	0.000720267	0.80771
789		0.0839636	0.000667909	0.80771
790		0.0840048	0.000615754	0.80771
791		0.0840458	0.000563786	0.80771
792		0.0840867	0.000511989	0.80771
793		0.0841275	0.000460348	0.80771
794		0.0841682	0.000408846	0.80771
795		0.0842087	0.000357469	0.80771
796		0.0842492	0.000306201	0.80771
797		0.0842896	0.000255025	0.80771
798		0.08433	0.000203927	0.80771
799		0.0843703	0.000152891	0.80771
800		0.0844106	0.000101901	0.80771
801		0.0844508	5.0943e-05	0.80771
802		0.084491	0	0.80771
803		0.084491	0	0.80771
804		0.0845312	-5.0947e-05	0.80771
805		0.0845715	-0.000101909	0.80771
806		0.0846117	-0.000152903	0.80771
807		0.084652	-0.000203943	0.80771
808		0.0846924	-0.000255044	0.80771
809		0.0847328	-0.000306224	0.80771
810		0.0847733	-0.000357496	0.80771
811		0.0848138	-0.000408876	0.80771
812		0.0848545	-0.000460381	0.80771
813		0.0848953	-0.000512026	0.80771
814		0.0849362	-0.000563826	0.80771
815		0.0849772	-0.000615797	0.80771
816		0.0850184	-0.000667956	0.80771
817		0.0850597	-0.000720317	0.80771
818		0.0851012	-0.000772897	0.80771
819		0.0851429	-0.000825711	0.80771
820		0.0851848	-0.000878777	0.80771
821		0.0852269	-0.000932109	0.80771
822		0.0852692	-0.000985724	0.80771
823		0.0853118	-0.00103964	0.80771
824		0.0853546	-0.00109387	0.80771
825		0.0853977	-0.00114843	0.80771
826		0.085441	-0.00120334	0.80771
827		0.0854847	-0.00125862	0.80771
828		0.0855286	-0.00131428	0.80771
829		0.0855729	-0.00137033	0.80771
830		0.0856175	-0.00142681	0.80771
831		0.0856624	-0.00148371	0.80771
832		0.0857077	-0.00154107	0.80771
833		0.0857533	-0.0015989	0.80771
834		0.0857993	-0.00165721	0.80771
835		0.0858458	-0.00171602	0.80771
836		0.0858926	-0.00177536	0.80771
837		0.0859399	-0.00183523	0.80771
838		0.0859876	-0.00189566	0.80771
839		0.0860358	-0.00195667	0.80771
840		0.0860844	-0.00201827	0.80771
841		0.0861335	-0.00208049	0.80771
842		0.0861831	-0.00214333	0.80771
843		0.0862333	-0.00220683	0.80771
844		0.0862839	-0.002271	0.80771
845		0.0863351	-0.00233585	0.80771
846		0.0863869	-0.00240142	0.80771
847		0.0864392	-0.00246771	0.80771
848		0.0864921	-0.00253476	0.80771
849		0.0865457	-0.00260257	0.80771
850		0.0865998	-0.00267117	0.80771
851		0.0866546	-0.00274059	0.80771
852		0.0867101	-0.00281084	0.80771
853		0.0867662	-0.00288194	0.80771
854		0.0868231	-0.00295391	0.80771
855		0.0868806	-0.00302678	0.80771
856		0.0869389	-0.00310058	0.80771
857		0.0869979	-0.00317531	0.80771
858		0.0870576	-0.00325101	0.80771
859		0.0871182	-0.00332769	0.80771
860		0.0871795	-0.00340539	0.80771
861		0.0872416	-0.00348412	0.80771
862		0.0873046	-0.0035639	0.80771
863		0.0873685	-0.00364477	0.80771
864		0.0874332	-0.00372675	0.80771
865		0.0874988	-0.00380985	0.80771
866		0.0875653	-0.00389412	0.80771
867		0.0876328	-0.00397957	0.80771
868		0.0877012	-0.00406622	0.80771
869		0.0877706	-0.00415411	0.80771
870		0.087841	-0.00424326	0.80771
871		0.0879124	-0.0043337	0.80771
872		0.0879848	-0.00442546	0.80771
873		0.0880583	-0.00451856	0.80771
874		0.0881329	-0.00461303	0.80771
875		0.0882086	-0.0047089	0.80771
876		0.0882854	-0.0048062	0.80771
877		0.0883634	-0.00490496	0.80771
878		0.0884425	-0.00500521	0.80771
879		0.0885229	-0.00510698	0.80771
880		0.0886044	-0.0052103	0.80771
881		0.0886872	-0.00531521	0.80771
882		0.0887713	-0.00542172	0.80771
883		0.0888567	-0.00552989	0.80771
884		0.0889434	-0.00563973	0.80771
885		0.0890315	-0.00575128	0.80771
886		0.089121	-0.00586459	0.80771
887		0.0892118	-0.00597967	0.80771
888		0.0893041	-0.00609657	0.80771
889		0.0893979	-0.00621531	0.80771
890		0.0894931	-0.00633595	0.80771
891		0.0895899	-0.00645851	0.80771
892		0.0896882	-0.00658303	0.80771
893		0.089788	-0.00670955	0.80771
894		0.0898895	-0.00683811	0.80771
895		0.0899927	-0.00696874	0.80771
896		0.0900975	-0.00710149	0.80771
897		0.090204	-0.0072364	0.80771
898		0.0903122	-0.0073735	0.80771
899		0.0904222	-0.00751284	0.80771
900		0.090534	-0.00765447	0.80771
901		0.0906477	-0.00779841	0.80771
902		0.0907632	-0.00794473	0.80771
903		0.0908806	-0.00809346	0.80771
904		0.091	-0.00824464	0.80771
905		0.0911213	-0.00839833	0.80771
906		0.0912446	-0.00855457	0.80771
907		0.09137	-0.00871341	0.80771
908		0.0914975	-0.00887489	0.80771
909		0.0916271	-0.00903907	0.80771
910		0.0917589	-0.00920599	0.80771
911		0.0918929	-0.00937571	0.80771
912		0.0920291	-0.00954827	0.80771
913		0.0921677	-0.00972373	0.80771
914		0.0923085	-0.00990215	0.80771
915		0.0924517	-0.0100836	0.80771
916		0.0925974	-0.0102681	0.80771
917		0.0927455	-0.0104557	0.80771
918		0.0928961	-0.0106464	0.80771
919		0.0930493	-0.0108404	0.80771
920		0.093205	-0.0110377	0.80771
921		0.0933635	-0.0112384	0.80771
922		0.0935246	-0.0114425	0.80771
923		0.0936884	-0.01165	0.80771
924		0.093855	-0.0118611	0.80771
925		0.0940245	-0.0120758	0.80771
926		0.0941969	-0.0122941	0.80771
927		0.0943722	-0.0125162	0.80771
928		0.0945506	-0.0127421	0.80771
929		0.0947319	-0.0129718	0.80771
930		0.0949164	-0.0132055	0.80771
931		0.0951041	-0.0134432	0.80771
932		0.095295	-0.013685	0.80771
933		0.0954891	-0.0139309	0.80771
934		0.0956866	-0.0141811	0.80771
935		0.0958875	-0.0144355	0.80771
936		0.0960919	-0.0146944	0.80771
937		0.0962998	-0.0149577	0.80771
938		0.0965112	-0.0152256	0.80771
939		0.0967263	-0.015498	0.80771
940		0.0969452	-0.0157752	0.80771
941		0.0971678	-0.0160572	0.80771
942		0.0973942	-0.0163441	0.80771
943		0.0976246	-0.0166359	0.80771
944		0.097859	-0.0169327	0.80771
945		0.0980974	-0.0172347	0.80771
946		0.09834	-0.017542	0.80771
947		0.0985867	-0.0178546	0.80771
948		0.0988378	-0.0181725	0.80771
949		0.0990932	-0.0184961	0.80771
950		0.099353	-0.0188252	0.80771
951		0.0996174	-0.01916	0.80771
952		0.0998863	-0.0195007	0.80771
953		0.10016	-0.0198472	0.80771
954		0.100438	-0.0201999	0.80771
955		0.100722	-0.0205586	0.80771
956		0.10101	-0.0209236	0.80771
957		0.101303	-0.0212949	0.80771
958		0.101601	-0.0216727	0.80771
959		0.101905	-0.0220571	0.80771
960		0.102213	-0.0224482	0.80771
961		0.102527	-0.0228461	0.80771
962		0.102847	-0.0232509	0.80771
963		0.103172	-0.0236628	0.80771
964		0.103503	-0.0240819	0.80771
965		0.10384	-0.0245082	0.80771
966		0.104182	-0.0249421	0.80771
967		0.104531	-0.0253835	0.80771
968		0.104885	-0.0258326	0.80771
969		0.105246	-0.0262896	0.80771
970		0.105613	-0.0267545	0.80771
971		0.105986	-0.0272276	0.80771
972		0.106366	-0.0277089	0.80771
973		0.106753	-0.0281986	0.80771
974		0.107147	-0.0286969	0.80771
975		0.107547	-0.0292039	0.80771
976		0.107954	-0.0297198	0.80771
977		0.108368	-0.0302447	0.80771
978		0.10879	-0.0307788	0.80771
979		0.109219	-0.0313223	0.80771
980		0.109656	-0.0318752	0.80771
981		0.1101	-0.0324379	0.80771
982		0.110552	-0.0330103	0.80771
983		0.111012	-0.0335928	0.80771
984		0.11148	-0.0341856	0.80771
985		0.111956	-0.0347886	0.80771
986		0.11244	-0.0354023	0.80771
987		0.112933	-0.0360267	0.80771
988		0.113435	-0.036662	0.80771
989		0.113945	-0.0373085	0.80771
990		0.114464	-0.0379663	0.80771
991		0.114993	-0.0386356	0.80771
992		0.115531	-0.0393167	0.80771
993		0.116078	-0.0400097	0.80771
994		0.116634	-0.0407148	0.80771
995		0.117201	-0.041432	0.80771
996		0.117776	-0.042161	0.80771
997		0.11836	-0.042901	0.80771
998		0.118952	-0.0436511	0.80771
999		0.119551	-0.0444098	0.80771
1000		0.120156	-0.0451758	0.80771
1001		0.120765	-0.0459474	0.80771
1002		0.121377	-0.0467227	0.80771
1003		0.121991	-0.0475	0.80771
1004		0.122605	-0.0482773	0.80771
1005		0.123217	-0.0490526	0.80771
1006		0.123826	-0.0498242	0.80771
1007		0.124431	-0.0505902	0.80771
1008		0.12503	-0.0513489	0.80771
1009		0.125622	-0.052099	0.80771
1010		0.126206	-0.052839	0.80771
1011		0.126782	-0.053568	0.80771
1012		0.127348	-0.0542852	0.80771
1013		0.127904	-0.0549903	0.80771
1014		0.128452	-0.0556833	0.80771
1015		0.128989	-0.0563644	0.80771
1016		0.129518	-0.0570337	0.80771
1017		0.130037	-0.0576915	0.80771
1018		0.130547	-0.058338	0.80771
1019		0.131049	-0.0589733	0.80771
1020		0.131542	-0.0595977	0.80771
1021		0.132026	-0.0602114	0.80771
1022		0.132502	-0.0608144	0.80771
1023		0.13297	-0.0614071	0.80771
1024		0.13343	-0.0619896	0.80771
1025		0.133882	-0.0625621	0.80771
1026		0.134326	-0.0631248	0.80771
1027		0.134763	-0.0636777	0.80771
1028		0.135192	-0.0642211	0.80771
1029		0.135614	-0.0647552	0.80771
1030		0.136028	-0.0652801	0.80771
1031		0.136435	-0.065796	0.80771
1032		0.136836	-0.0663031	0.80771
1033		0.137229	-0.0668014	0.80771
1034		0.137616	-0.0672911	0.80771
1035		0.137996	-0.0677724	0.80771
1036		0.138369	-0.0682455	0.80771
1037		0.138736	-0.0687104	0.80771
1038		0.139097	-0.0691674	0.80771
1039		0.139451	-0.0696165	0.80771
1040		0.1398	-0.0700579	0.80771
1041		0.140142	-0.0704917	0.80771
1042		0.140479	-0.0709181	0.80771
1043		0.14081	-0.0713372	0.80771
1044		0.141135	-0.0717491	0.80771
1045		0.141455	-0.0721539	0.80771
1046		0.141769	-0.0725518	0.80771
1047		0.142078	-0.0729429	0.80771
1048		0.142381	-0.0733273	0.80771
1049		0.142679	-0.0737051	0.80771
1050		0.142972	-0.0740764	0.80771
1051		0.143261	-0.0744414	0.80771
1052		0.143544	-0.0748001	0.80771
1053		0.143822	-0.0751527	0.80771
1054		0.144096	-0.0754993	0.80771
1055		0.144365	-0.07584	0.80771
1056		0.144629	-0.0761748	0.80771
1057		0.144889	-0.0765039	0.80771
1058		0.145144	-0.0768274	0.80771
1059		0.145395	-0.0771454	0.80771
1060		0.145642	-0.077458	0.80771
1061		0.145885	-0.0777652	0.80771
1062		0.146123	-0.0780672	0.80771
1063		0.146357	-0.0783641	0.80771
1064		0.146588	-0.0786559	0.80771
1065		0.146814	-0.0789428	0.80771
1066		0.147037	-0.0792247	0.80771
1067		0.147256	-0.0795019	0.80771
1068		0.147471	-0.0797744	0.80771
1069		0.147682	-0.0800423	0.80771
1070		0.14789	-0.0803056	0.80771
1071		0.148095	-0.0805644	0.80771
1072		0.148295	-0.0808189	0.80771
1073		0.148493	-0.0810691	0.80771
1074		0.148687	-0.081315	0.80771
1075		0.148878	-0.0815568	0.80771
1076		0.149066	-0.0817945	0.80771
1077		0.14925	-0.0820282	0.80771
1078		0.149432	-0.0822579	0.80771
1079		0.14961	-0.0824838	0.80771
1080		0.149785	-0.0827059	0.80771
1081		0.149958	-0.0829242	0.80771
1082		0.150127	-0.0831389	0.80771
1083		0.150294	-0.08335	0.80771
1084		0.150458	-0.0835575	0.80771
1085		0.150619	-0.0837616	0.80771
1086		0.150777	-0.0839622	0.80771
1087		0.150933	-0.0841595	0.80771
1088		0.151086	-0.0843535	0.80771
1089		0.151237	-0.0845443	0.80771
1090		0.151385	-0.0847319	0.80771
1091		0.15153	-0.0849164	0.80771
1092		0.151674	-0.0850978	0.80771
1093		0.151814	-0.0852762	0.80771
1094		0.151953	-0.0854517	0.80771
1095		0.152089	-0.0856243	0.80771
1096		0.152223	-0.085794	0.80771
1097		0.152355	-0.0859609	0.80771
1098		0.152485	-0.0861251	0.80771
1099		0.152612	-0.0862866	0.80771
1100		0.152738	-0.0864454	0.80771
1101		0.152861	-0.0866016	0.80771
1102		0.152982	-0.0867553	0.80771
1103		0.153102	-0.0869065	0.80771
1104		0.153219	-0.0870552	0.80771
1105		0.153334	-0.0872015	0.80771
1106		0.153448	-0.0873455	0.80771
1107		0.15356	-0.0874871	0.80771
1108		0.15367	-0.0876265	0.80771
1109		0.153778	-0.0877636	0.80771
1110		0.153885	-0.0878985	0.80771
1111		0.153989	-0.0880312	0.80771
1112		0.154093	-0.0881618	0.80771
1113		0.154194	-0.0882904	0.80771
1114		0.154294	-0.0884169	0.80771
1115		0.154392	-0.0885414	0.80771
1116		0.154489	-0.088664	0.80771
1117		0.154584	-0.0887846	0.80771
1118		0.154678	-0.0889034	0.80771
1119		0.15477	-0.0890203	0.80771
1120		0.154861	-0.0891354	0.80771
1121		0.154951	-0.0892487	0.80771
1122		0.155039	-0.0893602	0.80771
1123		0.155125	-0.0894701	0.80771
1124		0.155211	-0.0895782	0.80771
1125		0.155295	-0.0896847	0.80771
1126		0.155378	-0.0897896	0.80771
1127		0.155459	-0.089893	0.80771
1128		0.15554	-0.0899947	0.80771
1129		0.155619	-0.090095	0.80771
1130		0.155697	-0.0901937	0.80771
1131		0.155774	-0.090291	0.80771
1132		0.155849	-0.0903869	0.80771
1133		0.155924	-0.0904814	0.80771
1134		0.155997	-0.0905745	0.80771
1135		0.15607	-0.0906662	0.80771
1136		0.156141	-0.0907567	0.80771
1137		0.156212	-0.0908458	0.80771
1138		0.156281	-0.0909337	0.80771
1139		0.156349	-0.0910204	0.80771
1140		0.156417	-0.0911058	0.80771
1141		0.156483	-0.0911901	0.80771
1142		0.156549	-0.0912732	0.80771
1143		0.156614	-0.0913551	0.80771
1144		0.156678	-0.091436	0.80771
1145		0.156741	-0.0915158	0.80771
1146		0.156803	-0.0915945	0.80771
1147		0.156864	-0.0916722	0.80771
1148		0.156925	-0.0917489	0.80771
1149		0.156984	-0.0918246	0.80771
1150		0.157043	-0.0918993	0.80771
1151		0.157102	-0.0919731	0.80771
1152		0.157159	-0.092046	0.80771
1153		0.157216	-0.092118	0.80771
1154		0.157272	-0.0921891	0.80771
1155		0.157328	-0.0922593	0.80771
1156		0.157382	-0.0923287	0.80771
1157		0.157437	-0.0923973	0.80771
1158		0.15749	-0.0924651	0.80771
1159		0.157543	-0.0925322	0.80771
1160		0.157595	-0.0925985	0.80771
1161		0.157647	-0.092664	0.80771
1162		0.157698	-0.0927289	0.80771
1163		0.157749	-0.0927931	0.80771
1164		0.157799	-0.0928566	0.80771
1165		0.157849	-0.0929194	0.80771
1166		0.157898	-0.0929816	0.80771
1167		0.157947	-0.0930432	0.80771
1168		0.157995	-0.0931042	0.80771
1169		0.158042	-0.0931646	0.80771
1170		0.15809	-0.0932245	0.80771
1171		0.158137	-0.0932838	0.80771
1172		0.158183	-0.0933427	0.80771
1173		0.158229	-0.093401	0.80771
1174		0.158275	-0.0934588	0.80771
1175		0.15832	-0.0935161	0.80771
1176		0.158365	-0.093573	0.80771
1177		0.15841	-0.0936295	0.80771
1178		0.158454	-0.0936856	0.80771
1179		0.158498	-0.0937412	0.80771
1180		0.158541	-0.0937965	0.80771
1181		0.158585	-0.0938514	0.80771
1182		0.158628	-0.093906	0.80771
1183		0.158671	-0.0939602	0.80771
1184		0.158713	-0.0940141	0.80771
1185		0.158756	-0.0940677	0.80771
1186		0.158798	-0.0941211	0.80771
1187		0.15884	-0.0941741	0.80771
1188		0.158881	-0.0942269	0.80771
1189		0.158923	-0.0942795	0.80771
1190		0.158964	-0.0943319	0.80771
1191		0.159005	-0.094384	0.80771
1192		0.159046	-0.094436	0.80771
1193		0.159087	-0.0944878	0.80771
1194		0.159128	-0.0945394	0.80771
1195		0.159169	-0.0945909	0.80771
1196		0.159209	-0.0946423	0.80771
1197		0.15925	-0.0946936	0.80771
1198		0.15929	-0.0947447	0.80771
1199		0.159331	-0.0947958	0.80771
1200		0.159371	-0.0948469	0.80771
1201		0.159411	-0.0948979	0.80771
1202		0.159451	-0.0949488	0.80771
1203		0.159492	-0.0949998	0.80771
1204		0.159492	-0.0949998	0.80771
1205		0.159532	-0.0949488	0.80771
1206		0.159572	-0.0948979	0.80771
1207		0.159612	-0.0948469	0.80771
1208		0.159653	-0.0947958	0.80771
1209		0.159693	-0.0947447	0.80771
1210		0.159733	-0.0946935	0.80771
1211		0.159774	-0.0946423	0.80771
1212		0.159814	-0.0945909	0.80771
1213		0.159855	-0.0945394	0.80771
1214		0.159896	-0.0944877	0.80771
1215		0.159937	-0.0944359	0.80771
1216		0.159978	-0.094384	0.80771
1217		0.160019	-0.0943318	0.80771
1218		0.16006	-0.0942795	0.80771
1219		0.160102	-0.0942269	0.80771
1220		0.160143	-0.0941741	0.80771
1221		0.160185	-0.094121	0.80771
1222		0.160227	-0.0940677	0.80771
1223		0.16027	-0.094014	0.80771
1224		0.160312	-0.0939601	0.80771
1225		0.160355	-0.0939059	0.80771
1226		0.160398	-0.0938513	0.80771
1227		0.160442	-0.0937964	0.80771
1228		0.160485	-0.0937412	0.80771
1229		0.160529	-0.0936855	0.80771
1230		0.160573	-0.0936294	0.80771
1231		0.160618	-0.093573	0.80771
1232		0.160663	-0.0935161	0.80771
1233		0.160708	-0.0934587	0.80771
1234		0.160754	-0.0934009	0.80771
1235		0.1608	-0.0933426	0.80771
1236		0.160846	-0.0932837	0.80771
1237		0.160893	-0.0932244	0.80771
1238		0.16094	-0.0931645	0.80771
1239		0.160988	-0.0931041	0.80771
1240		0.161036	-0.0930431	0.80771
1241		0.161085	-0.0929815	0.80771
1242		0.161134	-0.0929193	0.80771
1243		0.161184	-0.0928564	0.80771
1244		0.161234	-0.0927929	0.80771
1245		0.161284	-0.0927288	0.80771
1246		0.161336	-0.0926639	0.80771
1247		0.161387	-0.0925984	0.80771
1248		0.16144	-0.0925321	0.80771
1249		0.161493	-0.092465	0.80771
1250		0.161546	-0.0923972	0.80771
1251		0.1616	-0.0923286	0.80771
1252		0.161655	-0.0922592	0.80771
1253		0.161711	-0.0921889	0.80771
1254		0.161767	-0.0921178	0.80771
1255		0.161824	-0.0920459	0.80771
1256		0.161881	-0.091973	0.80771
1257		0.161939	-0.0918992	0.80771
1258		0.161998	-0.0918245	0.80771
1259		0.162058	-0.0917488	0.80771
1260		0.162119	-0.0916721	0.80771
1261		0.16218	-0.0915944	0.80771
1262		0.162242	-0.0915157	0.80771
1263		0.162305	-0.0914359	0.80771
1264		0.162369	-0.091355	0.80771
1265		0.162434	-0.091273	0.80771
1266		0.162499	-0.0911899	0.80771
1267		0.162566	-0.0911056	0.80771
1268		0.162633	-0.0910202	0.80771
1269		0.162702	-0.0909335	0.80771
1270		0.162771	-0.0908457	0.80771
1271		0.162842	-0.0907565	0.80771
1272		0.162913	-0.0906661	0.80771
1273		0.162985	-0.0905743	0.80771
1274		0.163059	-0.0904812	0.80771
1275		0.163133	-0.0903867	0.80771
1276		0.163209	-0.0902909	0.80771
1277		0.163286	-0.0901936	0.80771
1278		0.163364	-0.0900948	0.80771
1279		0.163443	-0.0899946	0.80771
1280		0.163523	-0.0898928	0.80771
1281		0.163605	-0.0897895	0.80771
1282		0.163688	-0.0896846	0.80771
1283		0.163772	-0.089578	0.80771
1284		0.163857	-0.0894699	0.80771
1285		0.163944	-0.08936	0.80771
1286		0.164032	-0.0892485	0.80771
1287		0.164122	-0.0891352	0.80771
1288		0.164212	-0.0890201	0.80771
1289		0.164305	-0.0889032	0.80771
1290		0.164398	-0.0887845	0.80771
1291		0.164494	-0.0886638	0.80771
1292		0.16459	-0.0885413	0.80771
1293		0.164689	-0.0884167	0.80771
1294		0.164789	-0.0882902	0.80771
1295		0.16489	-0.0881617	0.80771
1296		0.164993	-0.088031	0.80771
1297		0.165098	-0.0878983	0.80771
1298		0.165205	-0.0877634	0.80771
1299		0.165313	-0.0876263	0.80771
1300		0.165423	-0.0874869	0.80771
1301		0.165535	-0.0873453	0.80771
1302		0.165648	-0.0872014	0.80771
1303		0.165764	-0.087055	0.80771
1304		0.165881	-0.0869063	0.80771
1305		0.166001	-0.0867551	0.80771
1306		0.166122	-0.0866014	0.80771
1307		0.166245	-0.0864452	0.80771
1308		0.166371	-0.0862864	0.80771
1309		0.166498	-0.0861249	0.80771
1310		0.166628	-0.0859607	0.80771
1311		0.166759	-0.0857938	0.80771
1312		0.166893	-0.0856241	0.80771
1313		0.16703	-0.0854515	0.80771
1314		0.167168	-0.085276	0.80771
1315		0.167309	-0.0850976	0.80771
1316		0.167452	-0.0849162	0.80771
1317		0.167598	-0.0847317	0.80771
1318		0.167746	-0.0845441	0.80771
1319		0.167897	-0.0843533	0.80771
1320		0.16805	-0.0841593	0.80771
1321		0.168206	-0.083962	0.80771
1322		0.168364	-0.0837614	0.80771
1323		0.168525	-0.0835573	0.80771
1324		0.168689	-0.0833498	0.80771
1325		0.168856	-0.0831387	0.80771
1326		0.169025	-0.082924	0.80771
1327		0.169197	-0.0827057	0.80771
1328		0.169373	-0.0824836	0.80771
1329		0.169551	-0.0822577	0.80771
1330		0.169733	-0.082028	0.80771
1331		0.169917	-0.0817943	0.80771
1332		0.170105	-0.0815566	0.80771
1333		0.170296	-0.0813148	0.80771
1334		0.17049	-0.0810689	0.80771
1335		0.170687	-0.0808187	0.80771
1336		0.170888	-0.0805642	0.80771
1337		0.171092	-0.0803054	0.80771
1338		0.1713	-0.0800421	0.80771
1339		0.171512	-0.0797742	0.80771
1340		0.171727	-0.0795017	0.80771
1341		0.171946	-0.0792245	0.80771
1342		0.172168	-0.0789426	0.80771
1343		0.172395	-0.0786557	0.80771
1344		0.172625	-0.0783639	0.80771
1345		0.17286	-0.078067	0.80771
1346		0.173098	-0.077765	0.80771
1347		0.173341	-0.0774578	0.80771
1348		0.173587	-0.0771452	0.80771
1349		0.173838	-0.0768272	0.80771
1350		0.174094	-0.0765037	0.80771
1351		0.174354	-0.0761746	0.80771
1352		0.174618	-0.0758398	0.80771
1353		0.174887	-0.0754991	0.80771
1354		0.17516	-0.0751525	0.80771
1355		0.175439	-0.0747999	0.80771
1356		0.175722	-0.0744412	0.80771
1357		0.17601	-0.0740762	0.80771
1358		0.176303	-0.0737049	0.80771
1359		0.176602	-0.0733271	0.80771
1360		0.176905	-0.0729427	0.80771
1361		0.177214	-0.0725516	0.80771
1362		0.177528	-0.0721537	0.80771
1363		0.177848	-0.0717489	0.80771
1364		0.178173	-0.071337	0.80771
1365		0.178504	-0.0709179	0.80771
1366		0.17884	-0.0704915	0.80771
1367		0.179183	-0.0700577	0.80771
1368		0.179531	-0.0696163	0.80771
1369		0.179886	-0.0691672	0.80771
1370		0.180247	-0.0687102	0.80771
1371		0.180614	-0.0682453	0.80771
1372		0.180987	-0.0677722	0.80771
1373		0.181367	-0.0672909	0.80771
1374		0.181754	-0.0668011	0.80771
1375		0.182147	-0.0663028	0.80771
1376		0.182547	-0.0657958	0.80771
1377		0.182955	-0.0652799	0.80771
1378		0.183369	-0.064755	0.80771
1379		0.183791	-0.0642209	0.80771
1380		0.18422	-0.0636775	0.80771
1381		0.184656	-0.0631245	0.80771
1382		0.1851	-0.0625619	0.80771
1383		0.185552	-0.0619894	0.80771
1384		0.186012	-0.0614069	0.80771
1385		0.18648	-0.0608142	0.80771
1386		0.186956	-0.0602111	0.80771
1387		0.187441	-0.0595975	0.80771
1388		0.187934	-0.0589731	0.80771
1389		0.188435	-0.0583378	0.80771
1390		0.188946	-0.0576913	0.80771
1391		0.189465	-0.0570335	0.80771
1392		0.189993	-0.0563642	0.80771
1393		0.190531	-0.0556831	0.80771
1394		0.191078	-0.0549901	0.80771
1395		0.191635	-0.054285	0.80771
1396		0.192201	-0.0535677	0.80771
1397		0.192777	-0.0528388	0.80771
1398		0.193361	-0.0520987	0.80771
1399		0.193953	-0.0513487	0.80771
1400		0.194552	-0.05059	0.80771
1401		0.195157	-0.049824	0.80771
1402		0.195766	-0.0490524	0.80771
1403		0.196378	-0.0482771	0.80771
1404		0.196992	-0.0474998	0.80771
1405		0.197605	-0.0467225	0.80771
1406		0.198217	-0.0459471	0.80771
1407		0.198827	-0.0451756	0.80771
1408		0.199431	-0.0444096	0.80771
1409		0.20003	-0.0436508	0.80771
1410		0.200622	-0.0429008	0.80771
1411		0.201207	-0.0421608	0.80771
1412		0.201782	-0.0414318	0.80771
1413		0.202348	-0.0407146	0.80771
1414		0.202905	-0.0400094	0.80771
1415		0.203452	-0.0393164	0.80771
1416		0.20399	-0.0386354	0.80771
1417		0.204518	-0.0379661	0.80771
1418		0.205038	-0.0373083	0.80771
1419		0.205548	-0.0366618	0.80771
1420		0.206049	-0.0360265	0.80771
1421		0.206542	-0.0354021	0.80771
1422		0.207027	-0.0347884	0.80771
1423		0.207503	-0.0341853	0.80771
1424		0.207971	-0.0335926	0.80771
1425		0.208431	-0.0330101	0.80771
1426		0.208883	-0.0324376	0.80771
1427		0.209327	-0.031875	0.80771
1428		0.209763	-0.0313221	0.80771
1429		0.210193	-0.0307786	0.80771
1430		0.210614	-0.0302445	0.80771
1431		0.211029	-0.0297196	0.80771
1432		0.211436	-0.0292037	0.80771
1433		0.211836	-0.0286967	0.80771
1434		0.21223	-0.0281984	0.80771
1435		0.212616	-0.0277087	0.80771
1436		0.212996	-0.0272273	0.80771
1437		0.21337	-0.0267543	0.80771
1438		0.213737	-0.0262893	0.80771
1439		0.214097	-0.0258324	0.80771
1440		0.214452	-0.0253833	0.80771
1441		0.214801	-0.0249419	0.80771
1442		0.215143	-0.024508	0.80771
1443		0.21548	-0.0240816	0.80771
1444		0.21581	-0.0236626	0.80771
1445		0.216136	-0.0232507	0.80771
1446		0.216455	-0.0228458	0.80771
1447		0.216769	-0.022448	0.80771
1448		0.217078	-0.0220569	0.80771
1449		0.217382	-0.0216725	0.80771
1450		0.21768	-0.0212947	0.80771
1451		0.217973	-0.0209234	0.80771
1452		0.218261	-0.0205584	0.80771
1453		0.218544	-0.0201996	0.80771
1454		0.218823	-0.019847	0.80771
1455		0.219096	-0.0195005	0.80771
1456		0.219365	-0.0191598	0.80771
1457		0.21963	-0.018825	0.80771
1458		0.219889	-0.0184958	0.80771
1459		0.220145	-0.0181723	0.80771
1460		0.220396	-0.0178543	0.80771
1461		0.220643	-0.0175418	0.80771
1462		0.220885	-0.0172345	0.80771
1463		0.221124	-0.0169325	0.80771
1464		0.221358	-0.0166357	0.80771
1465		0.221588	-0.0163439	0.80771
1466		0.221815	-0.016057	0.80771
1467		0.222038	-0.015775	0.80771
1468		0.222256	-0.0154978	0.80771
1469		0.222471	-0.0152254	0.80771
1470		0.222683	-0.0149575	0.80771
1471		0.222891	-0.0146942	0.80771
1472		0.223095	-0.0144353	0.80771
1473		0.223296	-0.0141809	0.80771
1474		0.223494	-0.0139307	0.80771
1475		0.223688	-0.0136848	0.80771
1476		0.223879	-0.013443	0.80771
1477		0.224066	-0.0132053	0.80771
1478		0.224251	-0.0129716	0.80771
1479		0.224432	-0.0127419	0.80771
1480		0.22461	-0.012516	0.80771
1481		0.224786	-0.0122939	0.80771
1482		0.224958	-0.0120756	0.80771
1483		0.225128	-0.0118609	0.80771
1484		0.225294	-0.0116498	0.80771
1485		0.225458	-0.0114423	0.80771
1486		0.225619	-0.0112382	0.80771
1487		0.225778	-0.0110375	0.80771
1488		0.225933	-0.0108402	0.80771
1489		0.226087	-0.0106462	0.80771
1490		0.226237	-0.0104555	0.80771
1491		0.226385	-0.0102679	0.80771
1492		0.226531	-0.0100834	0.80771
1493		0.226674	-0.00990195	0.80771
1494		0.226815	-0.00972354	0.80771
1495		0.226954	-0.00954807	0.80771
1496		0.22709	-0.00937551	0.80771
1497		0.227224	-0.00920579	0.80771
1498		0.227356	-0.00903887	0.80771
1499		0.227485	-0.0088747	0.80771
1500		0.227613	-0.00871322	0.80771
1501		0.227738	-0.00855438	0.80771
1502		0.227861	-0.00839814	0.80771
1503		0.227983	-0.00824445	0.80771
1504		0.228102	-0.00809327	0.80771
1505		0.22822	-0.00794454	0.80771
1506		0.228335	-0.00779823	0.80771
1507		0.228449	-0.00765428	0.80771
1508		0.228561	-0.00751266	0.80771
1509		0.228671	-0.00737331	0.80771
1510		0.228779	-0.00723621	0.80771
1511		0.228885	-0.00710131	0.80771
1512		0.22899	-0.00696856	0.80771
1513		0.229093	-0.00683793	0.80771
1514		0.229195	-0.00670937	0.80771
1515		0.229295	-0.00658285	0.80771
1516		0.229393	-0.00645833	0.80771
1517		0.22949	-0.00633577	0.80771
1518		0.229585	-0.00621514	0.80771
1519		0.229679	-0.00609639	0.80771
1520		0.229771	-0.00597949	0.80771
1521		0.229862	-0.00586441	0.80771
1522		0.229951	-0.00575111	0.80771
1523		0.230039	-0.00563956	0.80771
1524		0.230126	-0.00552971	0.80771
1525		0.230211	-0.00542155	0.80771
1526		0.230296	-0.00531504	0.80771
1527		0.230378	-0.00521013	0.80771
1528		0.23046	-0.00510681	0.80771
1529		0.23054	-0.00500504	0.80771
1530		0.230619	-0.00490479	0.80771
1531		0.230697	-0.00480603	0.80771
1532		0.230774	-0.00470873	0.80771
1533		0.23085	-0.00461286	0.80771
1534		0.230924	-0.00451839	0.80771
1535		0.230998	-0.0044253	0.80771
1536		0.23107	-0.00433354	0.80771
1537		0.231142	-0.0042431	0.80771
1538		0.231212	-0.00415395	0.80771
1539		0.231282	-0.00406606	0.80771
1540		0.23135	-0.00397941	0.80771
1541		0.231417	-0.00389397	0.80771
1542		0.231484	-0.0038097	0.80771
1543		0.23155	-0.0037266	0.80771
1544		0.231614	-0.00364462	0.80771
1545		0.231678	-0.00356375	0.80771
1546		0.231741	-0.00348397	0.80771
1547		0.231803	-0.00340524	0.80771
1548		0.231865	-0.00332755	0.80771
1549		0.231925	-0.00325086	0.80771
1550		0.231985	-0.00317517	0.80771
1551		0.232044	-0.00310044	0.80771
1552		0.232102	-0.00302665	0.80771
1553		0.23216	-0.00295378	0.80771
1554		0.232217	-0.0028818	0.80771
1555		0.232273	-0.0028107	0.80771
1556		0.232328	-0.00274046	0.80771
1557		0.232383	-0.00267104	0.80771
1558		0.232437	-0.00260244	0.80771
1559		0.232491	-0.00253463	0.80771
1560		0.232544	-0.00246759	0.80771
1561		0.232596	-0.00240129	0.80771
1562		0.232648	-0.00233573	0.80771
1563		0.232699	-0.00227088	0.80771
1564		0.23275	-0.00220671	0.80771
1565		0.2328	-0.00214322	0.80771
1566		0.232849	-0.00208037	0.80771
1567		0.232899	-0.00201816	0.80771
1568		0.232947	-0.00195656	0.80771
1569		0.232995	-0.00189556	0.80771
1570		0.233043	-0.00183513	0.80771
1571		0.23309	-0.00177526	0.80771
1572		0.233137	-0.00171592	0.80771
1573		0.233184	-0.00165711	0.80771
1574		0.23323	-0.0015988	0.80771
1575		0.233275	-0.00154098	0.80771
1576		0.233321	-0.00148363	0.80771
1577		0.233366	-0.00142672	0.80771
1578		0.23341	-0.00137025	0.80771
1579		0.233454	-0.00131419	0.80771
1580		0.233498	-0.00125854	0.80771
1581		0.233542	-0.00120327	0.80771
1582		0.233585	-0.00114836	0.80771
1583		0.233628	-0.0010938	0.80771
1584		0.233671	-0.00103957	0.80771
1585		0.233714	-0.000985659	0.80771
1586		0.233756	-0.000932046	0.80771
1587		0.233798	-0.000878717	0.80771
1588		0.23384	-0.000825655	0.80771
1589		0.233882	-0.000772844	0.80771
1590		0.233923	-0.000720267	0.80771
1591		0.233965	-0.000667909	0.80771
1592		0.234006	-0.000615754	0.80771
1593		0.234047	-0.000563786	0.80771
1594		0.234088	-0.000511989	0.80771
1595		0.234129	-0.000460348	0.80771
1596		0.234169	-0.000408846	0.80771
1597		0.23421	-0.000357469	0.80771
1598		0.23425	-0.000306201	0.80771
1599		0.234291	-0.000255025	0.80771
1600		0.234331	-0.000203927	0.80771
1601		0.234371	-0.000152891	0.80771
1602		0.234412	-0.000101901	0.80771
1603		0.234452	-5.0943e-05	0.80771
1604		0.234492	0	0.80771
1605		0.234492	0	0.80771
1606		0.234532	5.0947e-05	0.80771
1607		0.234573	0.000101909	0.80771
1608		0.234613	0.000152903	0.80771
1609		0.234653	0.000203943	0.80771
1610		0.234694	0.000255044	0.80771
1611		0.234734	0.000306224	0.80771
1612		0.234774	0.000357496	0.80771
1613		0.234815	0.000408876	0.80771
1614		0.234856	0.000460381	0.80771
1615		0.234896	0.000512026	0.80771
1616		0.234937	0.000563826	0.80771
1617		0.234978	0.000615797	0.80771
1618		0.235019	0.000667956	0.80771
1619		0.235061	0.000720317	0.80771
1620		0.235102	0.000772897	0.80771
1621		0.235144	0.000825711	0.80771
1622		0.235186	0.000878777	0.80771
1623		0.235228	0.000932109	0.80771
1624		0.23527	0.000985724	0.80771
1625		0.235313	0.00103964	0.80771
1626		0.235356	0.00109387	0.80771
1627		0.235399	0.00114843	0.80771
1628		0.235442	0.00120334	0.80771
1629		0.235486	0.00125862	0.80771
1630		0.23553	0.00131428	0.80771
1631		0.235574	0.00137033	0.80771
1632		0.235619	0.00142681	0.80771
1633		0.235664	0.00148371	0.80771
1634		0.235709	0.00154107	0.80771
1635		0.235754	0.0015989	0.80771
1636		0.2358	0.00165721	0.80771
1637		0.235847	0.00171602	0.80771
1638		0.235894	0.00177536	0.80771
1639		0.235941	0.00183523	0.80771
1640		0.235989	0.00189566	0.80771
1641		0.236037	0.00195667	0.80771
1642		0.236086	0.00201827	0.80771
1643		0.236135	0.00208049	0.80771
1644		0.236184	0.00214333	0.80771
1645		0.236234	0.00220683	0.80771
1646		0.236285	0.002271	0.80771
1647		0.236336	0.00233585	0.80771
1648		0.236388	0.00240142	0.80771
1649		0.23644	0.00246771	0.80771
1650		0.236493	0.00253476	0.80771
1651		0.236547	0.00260257	0.80771
1652		0.236601	0.00267117	0.80771
1653		0.236656	0.00274059	0.80771
1654		0.236711	0.00281084	0.80771
1655		0.236767	0.00288194	0.80771
1656		0.236824	0.00295391	0.80771
1657		0.236882	0.00302678	0.80771
1658		0.23694	0.00310058	0.80771
1659		0.236999	0.00317531	0.80771
1660		0.237059	0.00325101	0.80771
1661		0.237119	0.00332769	0.80771
1662		0.237181	0.00340539	0.80771
1663		0.237243	0.00348412	0.80771
1664		0.237306	0.0035639	0.80771
1665		0.23737	0.00364477	0.80771
1666		0.237434	0.00372675	0.80771
1667		0.2375	0.00380985	0.80771
1668		0.237566	0.00389412	0.80771
1669		0.237634	0.00397957	0.80771
1670		0.237702	0.00406622	0.80771
1671		0.237772	0.00415411	0.80771
1672		0.237842	0.00424326	0.80771
1673		0.237914	0.0043337	0.80771
1674		0.237986	0.00442546	0.80771
1675		0.238059	0.00451856	0.80771
1676		0.238134	0.00461303	0.80771
1677		0.23821	0.0047089	0.80771
1678		0.238287	0.0048062	0.80771
1679		0.238364	0.00490496	0.80771
1680		0.238444	0.00500521	0.80771
1681		0.238524	0.00510698	0.80771
1682		0.238606	0.0052103	0.80771
1683		0.238688	0.00531521	0.80771
1684		0.238772	0.00542172	0.80771
1685		0.238858	0.00552989	0.80771
1686		0.238945	0.00563973	0.80771
1687		0.239033	0.00575128	0.80771
1688		0.239122	0.00586459	0.80771
1689		0.239213	0.00597967	0.80771
1690		0.239305	0.00609657	0.80771
1691		0.239399	0.00621531	0.80771
1692		0.239494	0.00633595	0.80771
1693		0.239591	0.00645851	0.80771
1694		0.239689	0.00658303	0.80771
1695		0.239789	0.00670955	0.80771
1696		0.239891	0.00683811	0.80771
1697		0.239994	0.00696874	0.80771
1698		0.240099	0.00710149	0.80771
1699		0.240205	0.0072364	0.80771
1700		0.240313	0.0073735	0.80771
1701		0.240423	0.00751284	0.80771
1702		0.240535	0.00765447	0.80771
1703		0.240649	0.00779841	0.80771
1704		0.240764	0.00794473	0.80771
1705		0.240882	0.00809346	0.80771
1706		0.241001	0.00824464	0.80771
1707		0.241122	0.00839833	0.80771
1708		0.241246	0.00855457	0.80771
1709		0.241371	0.00871341	0.80771
1710		0.241499	0.00887489	0.80771
1711		0.241628	0.00903907	0.80771
1712		0.24176	0.00920599	0.80771
1713		0.241894	0.00937571	0.80771
1714		0.24203	0.00954827	0.80771
1715		0.242169	0.00972373	0.80771
1716		0.24231	0.00990215	0.80771
1717		0.242453	0.0100836	0.80771
1718		0.242599	0.0102681	0.80771
1719		0.242747	0.0104557	0.80771
1720		0.242897	0.0106464	0.80771
1721		0.24305	0.0108404	0.80771
1722		0.243206	0.0110377	0.80771
1723		0.243365	0.0112384	0.80771
1724		0.243526	0.0114425	0.80771
1725		0.24369	0.01165	0.80771
1726		0.243856	0.0118611	0.80771
1727		0.244026	0.0120758	0.80771
1728		0.244198	0.0122941	0.80771
1729		0.244373	0.0125162	0.80771
1730		0.244552	0.0127421	0.80771
1731		0.244733	0.0129718	0.80771
1732		0.244918	0.0132055	0.80771
1733		0.245105	0.0134432	0.80771
1734		0.245296	0.013685	0.80771
1735		0.24549	0.0139309	0.80771
1736		0.245688	0.0141811	0.80771
1737		0.245889	0.0144355	0.80771
1738		0.246093	0.0146944	0.80771
1739		0.246301	0.0149577	0.80771
1740		0.246512	0.0152256	0.80771
1741		0.246727	0.015498	0.80771
1742		0.246946	0.0157752	0.80771
1743		0.247169	0.0160572	0.80771
1744		0.247395	0.0163441	0.80771
1745		0.247626	0.0166359	0.80771
1746		0.24786	0.0169327	0.80771
1747		0.248099	0.0172347	0.80771
1748		0.248341	0.017542	0.80771
1749		0.248588	0.0178546	0.80771
1750		0.248839	0.0181725	0.80771
1751		0.249094	0.0184961	0.80771
1752		0.249354	0.0188252	0.80771
1753		0.249618	0.01916	0.80771
1754		0.249887	0.0195007	0.80771
1755		0.250161	0.0198472	0.80771
1756		0.250439	0.0201999	0.80771
1757		0.250723	0.0205586	0.80771
1758		0.251011	0.0209236	0.80771
1759		0.251304	0.0212949	0.80771
1760		0.251602	0.0216727	0.80771
1761		0.251906	0.0220571	0.80771
1762		0.252214	0.0224482	0.80771
1763		0.252529	0.0228461	0.80771
1764		0.252848	0.0232509	0.80771
1765		0.253173	0.0236628	0.80771
1766		0.253504	0.0240819	0.80771
1767		0.253841	0.0245082	0.80771
1768		0.254183	0.0249421	0.80771
1769		0.254532	0.0253835	0.80771
1770		0.254886	0.0258326	0.80771
1771		0.255247	0.0262896	0.80771
1772		0.255614	0.0267545	0.80771
1773		0.255988	0.0272276	0.80771
1774		0.256368	0.0277089	0.80771
1775		0.256754	0.0281986	0.80771
1776		0.257148	0.0286969	0.80771
1777		0.257548	0.0292039	0.80771
1778		0.257955	0.0297198	0.80771
1779		0.25837	0.0302447	0.80771
1780		0.258791	0.0307788	0.80771
1781		0.25922	0.0313223	0.80771
1782		0.259657	0.0318752	0.80771
1783		0.260101	0.0324379	0.80771
1784		0.260553	0.0330103	0.80771
1785		0.261013	0.0335928	0.80771
1786		0.261481	0.0341856	0.80771
1787		0.261957	0.0347886	0.80771
1788		0.262441	0.0354023	0.80771
1789		0.262934	0.0360267	0.80771
1790		0.263436	0.036662	0.80771
1791		0.263946	0.0373085	0.80771
1792		0.264466	0.0379663	0.80771
1793		0.264994	0.0386356	0.80771
1794		0.265532	0.0393167	0.80771
1795		0.266079	0.0400097	0.80771
1796		0.266635	0.0407148	0.80771
1797		0.267202	0.041432	0.80771
1798		0.267777	0.042161	0.80771
1799		0.268361	0.042901	0.80771
1800		0.268954	0.0436511	0.80771
1801		0.269553	0.0444098	0.80771
1802		0.270157	0.0451758	0.80771
1803		0.270766	0.0459474	0.80771
1804		0.271379	0.0467227	0.80771
1805		0.271992	0.0475	0.80771
1806		0.272606	0.0482773	0.80771
1807		0.273218	0.0490526	0.80771
1808		0.273827	0.0498242	0.80771
1809		0.274432	0.0505902	0.80771
1810		0.275031	0.0513489	0.80771
1811		0.275623	0.052099	0.80771
1812		0.276207	0.052839	0.80771
1813		0.276783	0.053568	0.80771
1814		0.277349	0.0542852	0.80771
1815		0.277906	0.0549903	0.80771
1816		0.278453	0.0556833	0.80771
1817		0.27899	0.0563644	0.80771
1818		0.279519	0.0570337	0.80771
1819		0.280038	0.0576915	0.80771
1820		0.280548	0.058338	0.80771
1821		0.28105	0.0589733	0.80771
1822		0.281543	0.0595977	0.80771
1823		0.282027	0.0602114	0.80771
1824		0.282504	0.0608144	0.80771
1825		0.282972	0.0614071	0.80771
1826		0.283431	0.0619896	0.80771
1827		0.283883	0.0625621	0.80771
1828		0.284328	0.0631248	0.80771
1829		0.284764	0.0636777	0.80771
1830		0.285193	0.0642211	0.80771
1831		0.285615	0.0647552	0.80771
1832		0.286029	0.0652801	0.80771
1833		0.286436	0.065796	0.80771
1834		0.286837	0.0663031	0.80771
1835		0.28723	0.0668014	0.80771
1836		0.287617	0.0672911	0.80771
1837		0.287997	0.0677724	0.80771
1838		0.28837	0.0682455	0.80771
1839		0.288737	0.0687104	0.80771
1840		0.289098	0.0691674	0.80771
1841		0.289453	0.0696165	0.80771
1842		0.289801	0.0700579	0.80771
1843		0.290144	0.0704917	0.80771
1844		0.29048	0.0709181	0.80771
1845		0.290811	0.0713372	0.80771
1846		0.291136	0.0717491	0.80771
1847		0.291456	0.0721539	0.80771
1848		0.29177	0.0725518	0.80771
1849		0.292079	0.0729429	0.80771
1850		0.292382	0.0733273	0.80771
1851		0.29268	0.0737051	0.80771
1852		0.292974	0.0740764	0.80771
1853		0.293262	0.0744414	0.80771
1854		0.293545	0.0748001	0.80771
1855		0.293823	0.0751527	0.80771
1856		0.294097	0.0754993	0.80771
1857		0.294366	0.07584	0.80771
1858		0.29463	0.0761748	0.80771
1859		0.29489	0.0765039	0.80771
1860		0.295145	0.0768274	0.80771
1861		0.295396	0.0771454	0.80771
1862		0.295643	0.077458	0.80771
1863		0.295886	0.0777652	0.80771
1864		0.296124	0.0780672	0.80771
1865		0.296359	0.0783641	0.80771
1866		0.296589	0.0786559	0.80771
1867		0.296815	0.0789428	0.80771
1868		0.297038	0.0792247	0.80771
1869		0.297257	0.0795019	0.80771
1870		0.297472	0.0797744	0.80771
1871		0.297683	0.0800423	0.80771
1872		0.297891	0.0803056	0.80771
1873		0.298096	0.0805644	0.80771
1874		0.298297	0.0808189	0.80771
1875		0.298494	0.0810691	0.80771
1876		0.298688	0.081315	0.80771
1877		0.298879	0.0815568	0.80771
1878		0.299067	0.0817945	0.80771
1879		0.299251	0.0820282	0.80771
1880		0.299433	0.0822579	0.80771
1881		0.299611	0.0824838	0.80771
1882		0.299786	0.0827059	0.80771
1883		0.299959	0.0829242	0.80771
1884		0.300128	0.0831389	0.80771
1885		0.300295	0.08335	0.80771
1886		0.300459	0.0835575	0.80771
1887		0.30062	0.0837616	0.80771
1888		0.300778	0.0839622	0.80771
1889		0.300934	0.0841595	0.80771
1890		0.301087	0.0843535	0.80771
1891		0.301238	0.0845443	0.80771
1892		0.301386	0.0847319	0.80771
1893		0.301532	0.0849164	0.80771
1894		0.301675	0.0850978	0.80771
1895		0.301816	0.0852762	0.80771
1896		0.301954	0.0854517	0.80771
1897		0.30209	0.0856243	0.80771
1898		0.302224	0.085794	0.80771
1899		0.302356	0.0859609	0.80771
1900		0.302486	0.0861251	0.80771
1901		0.302613	0.0862866	0.80771
1902		0.302739	0.0864454	0.80771
1903		0.302862	0.0866016	0.80771
1904		0.302983	0.0867553	0.80771
1905		0.303103	0.0869065	0.80771
1906		0.30322	0.0870552	0.80771
1907		0.303336	0.0872015	0.80771
1908		0.303449	0.0873455	0.80771
1909		0.303561	0.0874871	0.80771
1910		0.303671	0.0876265	0.80771
1911		0.303779	0.0877636	0.80771
1912		0.303886	0.0878985	0.80771
1913		0.303991	0.0880312	0.80771
1914		0.304094	0.0881618	0.80771
1915		0.304195	0.0882904	0.80771
1916		0.304295	0.0884169	0.80771
1917		0.304393	0.0885414	0.80771
1918		0.30449	0.088664	0.80771
1919		0.304585	0.0887846	0.80771
1920		0.304679	0.0889034	0.80771
1921		0.304771	0.0890203	0.80771
1922		0.304862	0.0891354	0.80771
1923		0.304952	0.0892487	0.80771
1924		0.30504	0.0893602	0.80771
1925		0.305127	0.0894701	0.80771
1926		0.305212	0.0895782	0.80771
1927		0.305296	0.0896847	0.80771
1928		0.305379	0.0897896	0.80771
1929		0.30546	0.089893	0.80771
1930		0.305541	0.0899947	0.80771
1931		0.30562	0.090095	0.80771
1932		0.305698	0.0901937	0.80771
1933		0.305775	0.090291	0.80771
1934		0.30585	0.0903869	0.80771
1935		0.305925	0.0904814	0.80771
1936		0.305999	0.0905745	0.80771
1937		0.306071	0.0906662	0.80771
1938		0.306142	0.0907567	0.80771
1939		0.306213	0.0908458	0.80771
1940		0.306282	0.0909337	0.80771
1941		0.306351	0.0910204	0.80771
1942		0.306418	0.0911058	0.80771
1943		0.306485	0.0911901	0.80771
1944		0.30655	0.0912732	0.80771
1945		0.306615	0.0913551	0.80771
1946		0.306679	0.091436	0.80771
1947		0.306742	0.0915158	0.80771
1948		0.306804	0.0915945	0.80771
1949		0.306865	0.0916722	0.80771
1950		0.306926	0.0917489	0.80771
1951		0.306986	0.0918246	0.80771
1952		0.307045	0.0918993	0.80771
1953		0.307103	0.0919731	0.80771
1954		0.30716	0.092046	0.80771
1955		0.307217	0.092118	0.80771
1956		0.307273	0.0921891	0.80771
1957		0.307329	0.0922593	0.80771
1958		0.307384	0.0923287	0.80771
1959		0.307438	0.0923973	0.80771
1960		0.307491	0.0924651	0.80771
1961		0.307544	0.0925322	0.80771
1962		0.307597	0.0925985	0.80771
1963		0.307648	0.092664	0.80771
1964		0.3077	0.0927289	0.80771
1965		0.30775	0.0927931	0.80771
1966		0.3078	0.0928566	0.80771
1967		0.30785	0.0929194	0.80771
1968		0.307899	0.0929816	0.80771
1969		0.307948	0.0930432	0.80771
1970		0.307996	0.0931042	0.80771
1971		0.308044	0.0931646	0.80771
1972		0.308091	0.0932245	0.80771
1973		0.308138	0.0932838	0.80771
1974		0.308184	0.0933427	0.80771
1975		0.30823	0.093401	0.80771
1976		0.308276	0.0934588	0.80771
1977		0.308321	0.0935161	0.80771
1978		0.308366	0.093573	0.80771
1979		0.308411	0.0936295	0.80771
1980		0.308455	0.0936856	0.80771
1981		0.308499	0.0937412	0.80771
1982		0.308543	0.0937965	0.80771
1983		0.308586	0.0938514	0.80771
1984		0.308629	0.093906	0.80771
1985		0.308672	0.0939602	0.80771
1986		0.308714	0.0940141	0.80771
1987		0.308757	0.0940677	0.80771
1988		0.308799	0.0941211	0.80771
1989		0.308841	0.0941741	0.80771
1990		0.308882	0.0942269	0.80771
1991		0.308924	0.0942795	0.80771
1992		0.308965	0.0943319	0.80771
1993		0.309006	0.094384	0.80771
1994		0.309047	0.094436	0.80771
1995		0.309088	0.0944878	0.80771
1996		0.309129	0.0945394	0.80771
1997		0.30917	0.0945909	0.80771
1998		0.30921	0.0946423	0.80771
1999		0.309251	0.0946936	0.80771
2000		0.309291	0.0947447	0.80771
