2000		0.309291	0.0947447	0.80771
2001		0.309332	0.0947958	0.80771
2002		0.309372	0.0948469	0.80771
2003		0.309412	0.0948979	0.80771
2004		0.309452	0.0949488	0.80771
2005		0.309493	0.0949998	0.80771
2006		0.309493	0.0949998	0.80771
2007		0.309533	0.0949488	0.80771
2008		0.309573	0.0948979	0.80771
2009		0.309613	0.0948469	0.80771
2010		0.309654	0.0947958	0.80771
2011		0.309694	0.0947447	0.80771
2012		0.309734	0.0946935	0.80771
2013		0.309775	0.0946423	0.80771
2014		0.309816	0.0945909	0.80771
2015		0.309856	0.0945394	0.80771
2016		0.309897	0.0944877	0.80771
2017		0.309938	0.0944359	0.80771
2018		0.309979	0.094384	0.80771
2019		0.31002	0.0943318	0.80771
2020		0.310061	0.0942795	0.80771
2021		0.310103	0.0942269	0.80771
2022		0.310145	0.0941741	0.80771
2023		0.310186	0.094121	0.80771
2024		0.310229	0.0940677	0.80771
2025		0.310271	0.094014	0.80771
2026		0.310313	0.0939601	0.80771
2027		0.310356	0.0939059	0.80771
2028		0.310399	0.0938513	0.80771
2029		0.310443	0.0937964	0.80771
2030		0.310486	0.0937412	0.80771
2031		0.31053	0.0936855	0.80771
2032		0.310575	0.0936294	0.80771
2033		0.310619	0.093573	0.80771
2034		0.310664	0.0935161	0.80771
2035		0.310709	0.0934587	0.80771
2036		0.310755	0.0934009	0.80771
2037		0.310801	0.0933426	0.80771
2038		0.310847	0.0932837	0.80771
2039		0.310894	0.0932244	0.80771
2040		0.310942	0.0931645	0.80771
2041		0.310989	0.0931041	0.80771
2042		0.311037	0.0930431	0.80771
2043		0.311086	0.0929815	0.80771
2044		0.311135	0.0929193	0.80771
2045		0.311185	0.0928564	0.80771
2046		0.311235	0.0927929	0.80771
2047		0.311286	0.0927288	0.80771
2048		0.311337	0.0926639	0.80771
2049		0.311389	0.0925984	0.80771
2050		0.311441	0.0925321	0.80771
2051		0.311494	0.092465	0.80771
2052		0.311547	0.0923972	0.80771
2053		0.311602	0.0923286	0.80771
2054		0.311656	0.0922592	0.80771
2055		0.311712	0.0921889	0.80771
2056		0.311768	0.0921178	0.80771
2057		0.311825	0.0920459	0.80771
2058		0.311882	0.091973	0.80771
2059		0.311941	0.0918992	0.80771
2060		0.312	0.0918245	0.80771
2061		0.312059	0.0917488	0.80771
2062		0.31212	0.0916721	0.80771
2063		0.312181	0.0915944	0.80771
2064		0.312243	0.0915157	0.80771
2065		0.312306	0.0914359	0.80771
2066		0.31237	0.091355	0.80771
2067		0.312435	0.091273	0.80771
2068		0.312501	0.0911899	0.80771
2069		0.312567	0.0911056	0.80771
2070		0.312634	0.0910202	0.80771
2071		0.312703	0.0909335	0.80771
2072		0.312772	0.0908457	0.80771
2073		0.312843	0.0907565	0.80771
2074		0.312914	0.0906661	0.80771
2075		0.312987	0.0905743	0.80771
2076		0.31306	0.0904812	0.80771
2077		0.313135	0.0903867	0.80771
2078		0.31321	0.0902909	0.80771
2079		0.313287	0.0901936	0.80771
2080		0.313365	0.0900948	0.80771
2081		0.313444	0.0899946	0.80771
2082		0.313525	0.0898928	0.80771
2083		0.313606	0.0897895	0.80771
2084		0.313689	0.0896846	0.80771
2085		0.313773	0.089578	0.80771
2086		0.313858	0.0894699	0.80771
2087		0.313945	0.08936	0.80771
2088		0.314033	0.0892485	0.80771
2089		0.314123	0.0891352	0.80771
2090		0.314214	0.0890201	0.80771
2091		0.314306	0.0889032	0.80771
2092		0.3144	0.0887845	0.80771
2093		0.314495	0.0886638	0.80771
2094		0.314592	0.0885413	0.80771
2095		0.31469	0.0884167	0.80771
2096		0.31479	0.0882902	0.80771
2097		0.314891	0.0881617	0.80771
2098		0.314994	0.088031	0.80771
2099		0.315099	0.0878983	0.80771
2100		0.315206	0.0877634	0.80771
2101		0.315314	0.0876263	0.80771
2102		0.315424	0.0874869	0.80771
2103		0.315536	0.0873453	0.80771
2104		0.315649	0.0872014	0.80771
2105		0.315765	0.087055	0.80771
2106		0.315882	0.0869063	0.80771
2107		0.316002	0.0867551	0.80771
2108		0.316123	0.0866014	0.80771
2109		0.316246	0.0864452	0.80771
2110		0.316372	0.0862864	0.80771
2111		0.316499	0.0861249	0.80771
2112		0.316629	0.0859607	0.80771
2113		0.316761	0.0857938	0.80771
2114		0.316895	0.0856241	0.80771
2115		0.317031	0.0854515	0.80771
2116		0.317169	0.085276	0.80771
2117		0.31731	0.0850976	0.80771
2118		0.317453	0.0849162	0.80771
2119		0.317599	0.0847317	0.80771
2120		0.317747	0.0845441	0.80771
2121		0.317898	0.0843533	0.80771
2122		0.318051	0.0841593	0.80771
2123		0.318207	0.083962	0.80771
2124		0.318365	0.0837614	0.80771
2125		0.318526	0.0835573	0.80771
2126		0.31869	0.0833498	0.80771
2127		0.318857	0.0831387	0.80771
2128		0.319026	0.082924	0.80771
2129		0.319199	0.0827057	0.80771
2130		0.319374	0.0824836	0.80771
2131		0.319552	0.0822577	0.80771
2132		0.319734	0.082028	0.80771
2133		0.319918	0.0817943	0.80771
2134		0.320106	0.0815566	0.80771
2135		0.320297	0.0813148	0.80771
2136		0.320491	0.0810689	0.80771
2137		0.320688	0.0808187	0.80771
2138		0.320889	0.0805642	0.80771
2139		0.321094	0.0803054	0.80771
2140		0.321301	0.0800421	0.80771
2141		0.321513	0.0797742	0.80771
2142		0.321728	0.0795017	0.80771
2143		0.321947	0.0792245	0.80771
2144		0.322169	0.0789426	0.80771
2145		0.322396	0.0786557	0.80771
2146		0.322626	0.0783639	0.80771
2147		0.322861	0.078067	0.80771
2148		0.323099	0.077765	0.80771
2149		0.323342	0.0774578	0.80771
2150		0.323588	0.0771452	0.80771
2151		0.323839	0.0768272	0.80771
2152		0.324095	0.0765037	0.80771
2153		0.324355	0.0761746	0.80771
2154		0.324619	0.0758398	0.80771
2155		0.324888	0.0754991	0.80771
2156		0.325162	0.0751525	0.80771
2157		0.32544	0.0747999	0.80771
2158		0.325723	0.0744412	0.80771
2159		0.326011	0.0740762	0.80771
2160		0.326305	0.0737049	0.80771
2161		0.326603	0.0733271	0.80771
2162		0.326906	0.0729427	0.80771
2163		0.327215	0.0725516	0.80771
2164		0.327529	0.0721537	0.80771
2165		0.327849	0.0717489	0.80771
2166		0.328174	0.071337	0.80771
2167		0.328505	0.0709179	0.80771
2168		0.328841	0.0704915	0.80771
2169		0.329184	0.0700577	0.80771
2170		0.329532	0.0696163	0.80771
2171		0.329887	0.0691672	0.80771
2172		0.330248	0.0687102	0.80771
2173		0.330615	0.0682453	0.80771
2174		0.330988	0.0677722	0.80771
2175		0.331368	0.0672909	0.80771
2176		0.331755	0.0668011	0.80771
2177		0.332148	0.0663028	0.80771
2178		0.332548	0.0657958	0.80771
2179		0.332956	0.0652799	0.80771
2180		0.33337	0.064755	0.80771
2181		0.333792	0.0642209	0.80771
2182		0.334221	0.0636775	0.80771
2183		0.334657	0.0631245	0.80771
2184		0.335102	0.0625619	0.80771
2185		0.335554	0.0619894	0.80771
2186		0.336013	0.0614069	0.80771
2187		0.336481	0.0608142	0.80771
2188		0.336957	0.0602111	0.80771
2189		0.337442	0.0595975	0.80771
2190		0.337935	0.0589731	0.80771
2191		0.338436	0.0583378	0.80771
2192		0.338947	0.0576913	0.80771
2193		0.339466	0.0570335	0.80771
2194		0.339995	0.0563642	0.80771
2195		0.340532	0.0556831	0.80771
2196		0.341079	0.0549901	0.80771
2197		0.341636	0.054285	0.80771
2198		0.342202	0.0535677	0.80771
2199		0.342778	0.0528388	0.80771
2200		0.343362	0.0520987	0.80771
2201		0.343954	0.0513487	0.80771
2202		0.344553	0.05059	0.80771
2203		0.345158	0.049824	0.80771
2204		0.345767	0.0490524	0.80771
2205		0.346379	0.0482771	0.80771
2206		0.346993	0.0474998	0.80771
2207		0.347606	0.0467225	0.80771
2208		0.348219	0.0459471	0.80771
2209		0.348828	0.0451756	0.80771
2210		0.349432	0.0444096	0.80771
2211		0.350031	0.0436508	0.80771
2212		0.350623	0.0429008	0.80771
2213		0.351208	0.0421608	0.80771
2214		0.351783	0.0414318	0.80771
2215		0.352349	0.0407146	0.80771
2216		0.352906	0.0400094	0.80771
2217		0.353453	0.0393164	0.80771
2218		0.353991	0.0386354	0.80771
2219		0.354519	0.0379661	0.80771
2220		0.355039	0.0373083	0.80771
2221		0.355549	0.0366618	0.80771
2222		0.356051	0.0360265	0.80771
2223		0.356544	0.0354021	0.80771
2224		0.357028	0.0347884	0.80771
2225		0.357504	0.0341853	0.80771
2226		0.357972	0.0335926	0.80771
2227		0.358432	0.0330101	0.80771
2228		0.358884	0.0324376	0.80771
2229		0.359328	0.031875	0.80771
2230		0.359765	0.0313221	0.80771
2231		0.360194	0.0307786	0.80771
2232		0.360615	0.0302445	0.80771
2233		0.36103	0.0297196	0.80771
2234		0.361437	0.0292037	0.80771
2235		0.361837	0.0286967	0.80771
2236		0.362231	0.0281984	0.80771
2237		0.362617	0.0277087	0.80771
2238		0.362997	0.0272273	0.80771
2239		0.363371	0.0267543	0.80771
2240		0.363738	0.0262893	0.80771
2241		0.364099	0.0258324	0.80771
2242		0.364453	0.0253833	0.80771
2243		0.364802	0.0249419	0.80771
2244		0.365144	0.024508	0.80771
2245		0.365481	0.0240816	0.80771
2246		0.365812	0.0236626	0.80771
2247		0.366137	0.0232507	0.80771
2248		0.366456	0.0228458	0.80771
2249		0.366771	0.022448	0.80771
2250		0.367079	0.0220569	0.80771
2251		0.367383	0.0216725	0.80771
2252		0.367681	0.0212947	0.80771
2253		0.367974	0.0209234	0.80771
2254		0.368262	0.0205584	0.80771
2255		0.368546	0.0201996	0.80771
2256		0.368824	0.019847	0.80771
2257		0.369097	0.0195005	0.80771
2258		0.369366	0.0191598	0.80771
2259		0.369631	0.018825	0.80771
2260		0.369891	0.0184958	0.80771
2261		0.370146	0.0181723	0.80771
2262		0.370397	0.0178543	0.80771
2263		0.370644	0.0175418	0.80771
2264		0.370886	0.0172345	0.80771
2265		0.371125	0.0169325	0.80771
2266		0.371359	0.0166357	0.80771
2267		0.37159	0.0163439	0.80771
2268		0.371816	0.016057	0.80771
2269		0.372039	0.015775	0.80771
2270		0.372257	0.0154978	0.80771
2271		0.372473	0.0152254	0.80771
2272		0.372684	0.0149575	0.80771
2273		0.372892	0.0146942	0.80771
2274		0.373096	0.0144353	0.80771
2275		0.373297	0.0141809	0.80771
2276		0.373495	0.0139307	0.80771
2277		0.373689	0.0136848	0.80771
2278		0.37388	0.013443	0.80771
2279		0.374067	0.0132053	0.80771
2280		0.374252	0.0129716	0.80771
2281		0.374433	0.0127419	0.80771
2282		0.374612	0.012516	0.80771
2283		0.374787	0.0122939	0.80771
2284		0.374959	0.0120756	0.80771
2285		0.375129	0.0118609	0.80771
2286		0.375295	0.0116498	0.80771
2287		0.375459	0.0114423	0.80771
2288		0.37562	0.0112382	0.80771
2289		0.375779	0.0110375	0.80771
2290		0.375935	0.0108402	0.80771
2291		0.376088	0.0106462	0.80771
2292		0.376238	0.0104555	0.80771
2293		0.376386	0.0102679	0.80771
2294		0.376532	0.0100834	0.80771
2295		0.376675	0.00990195	0.80771
2296		0.376816	0.00972354	0.80771
2297		0.376955	0.00954807	0.80771
2298		0.377091	0.00937551	0.80771
2299		0.377225	0.00920579	0.80771
2300		0.377357	0.00903887	0.80771
2301		0.377486	0.0088747	0.80771
2302		0.377614	0.00871322	0.80771
2303		0.377739	0.00855438	0.80771
2304		0.377863	0.00839814	0.80771
2305		0.377984	0.00824445	0.80771
2306		0.378103	0.00809327	0.80771
2307		0.378221	0.00794454	0.80771
2308		0.378336	0.00779823	0.80771
2309		0.37845	0.00765428	0.80771
2310		0.378562	0.00751266	0.80771
2311		0.378672	0.00737331	0.80771
2312		0.37878	0.00723621	0.80771
2313		0.378886	0.00710131	0.80771
2314		0.378991	0.00696856	0.80771
2315		0.379094	0.00683793	0.80771
2316		0.379196	0.00670937	0.80771
2317		0.379296	0.00658285	0.80771
2318		0.379394	0.00645833	0.80771
2319		0.379491	0.00633577	0.80771
2320		0.379586	0.00621514	0.80771
2321		0.37968	0.00609639	0.80771
2322		0.379772	0.00597949	0.80771
2323		0.379863	0.00586441	0.80771
2324		0.379952	0.00575111	0.80771
2325		0.38004	0.00563956	0.80771
2326		0.380127	0.00552971	0.80771
2327		0.380213	0.00542155	0.80771
2328		0.380297	0.00531504	0.80771
2329		0.380379	0.00521013	0.80771
2330		0.380461	0.00510681	0.80771
2331		0.380541	0.00500504	0.80771
2332		0.380621	0.00490479	0.80771
2333		0.380699	0.00480603	0.80771
2334		0.380775	0.00470873	0.80771
2335		0.380851	0.00461286	0.80771
2336		0.380926	0.00451839	0.80771
2337		0.380999	0.0044253	0.80771
2338		0.381072	0.00433354	0.80771
2339		0.381143	0.0042431	0.80771
2340		0.381213	0.00415395	0.80771
2341		0.381283	0.00406606	0.80771
2342		0.381351	0.00397941	0.80771
2343		0.381419	0.00389397	0.80771
2344		0.381485	0.0038097	0.80771
2345		0.381551	0.0037266	0.80771
2346		0.381615	0.00364462	0.80771
2347		0.381679	0.00356375	0.80771
2348		0.381742	0.00348397	0.80771
2349		0.381804	0.00340524	0.80771
2350		0.381866	0.00332755	0.80771
2351		0.381926	0.00325086	0.80771
2352		0.381986	0.00317517	0.80771
2353		0.382045	0.00310044	0.80771
2354		0.382103	0.00302665	0.80771
2355		0.382161	0.00295378	0.80771
2356		0.382218	0.0028818	0.80771
2357		0.382274	0.0028107	0.80771
2358		0.382329	0.00274046	0.80771
2359		0.382384	0.00267104	0.80771
2360		0.382438	0.00260244	0.80771
2361		0.382492	0.00253463	0.80771
2362		0.382545	0.00246759	0.80771
2363		0.382597	0.00240129	0.80771
2364		0.382649	0.00233573	0.80771
2365		0.3827	0.00227088	0.80771
2366		0.382751	0.00220671	0.80771
2367		0.382801	0.00214322	0.80771
2368		0.382851	0.00208037	0.80771
2369		0.3829	0.00201816	0.80771
2370		0.382948	0.00195656	0.80771
2371		0.382996	0.00189556	0.80771
2372		0.383044	0.00183513	0.80771
2373		0.383091	0.00177526	0.80771
2374		0.383138	0.00171592	0.80771
2375		0.383185	0.00165711	0.80771
2376		0.383231	0.0015988	0.80771
2377		0.383276	0.00154098	0.80771
2378		0.383322	0.00148363	0.80771
2379		0.383367	0.00142672	0.80771
2380		0.383411	0.00137025	0.80771
2381		0.383456	0.00131419	0.80771
2382		0.383499	0.00125854	0.80771
2383		0.383543	0.00120327	0.80771
2384		0.383586	0.00114836	0.80771
2385		0.38363	0.0010938	0.80771
2386		0.383672	0.00103957	0.80771
2387		0.383715	0.000985659	0.80771
2388		0.383757	0.000932046	0.80771
2389		0.383799	0.000878717	0.80771
2390		0.383841	0.000825655	0.80771
2391		0.383883	0.000772844	0.80771
2392		0.383924	0.000720267	0.80771
2393		0.383966	0.000667909	0.80771
2394		0.384007	0.000615754	0.80771
2395		0.384048	0.000563786	0.80771
2396		0.384089	0.000511989	0.80771
2397		0.38413	0.000460348	0.80771
2398		0.38417	0.000408846	0.80771
2399		0.384211	0.000357469	0.80771
2400		0.384251	0.000306201	0.80771
2401		0.384292	0.000255025	0.80771
2402		0.384332	0.000203927	0.80771
2403		0.384373	0.000152891	0.80771
2404		0.384413	0.000101901	0.80771
2405		0.384453	5.0943e-05	0.80771
2406		0.384493	0	0.80771
2407		0.384493	0	0.80771
2408		0.384534	-5.0947e-05	0.80771
2409		0.384574	-0.000101909	0.80771
2410		0.384614	-0.000152903	0.80771
2411		0.384654	-0.000203943	0.80771
2412		0.384695	-0.000255044	0.80771
2413		0.384735	-0.000306224	0.80771
2414		0.384776	-0.000357496	0.80771
2415		0.384816	-0.000408876	0.80771
2416		0.384857	-0.000460381	0.80771
2417		0.384898	-0.000512026	0.80771
2418		0.384938	-0.000563826	0.80771
2419		0.384979	-0.000615797	0.80771
2420		0.385021	-0.000667956	0.80771
2421		0.385062	-0.000720317	0.80771
2422		0.385103	-0.000772897	0.80771
2423		0.385145	-0.000825711	0.80771
2424		0.385187	-0.000878777	0.80771
2425		0.385229	-0.000932109	0.80771
2426		0.385271	-0.000985724	0.80771
2427		0.385314	-0.00103964	0.80771
2428		0.385357	-0.00109387	0.80771
2429		0.3854	-0.00114843	0.80771
2430		0.385443	-0.00120334	0.80771
2431		0.385487	-0.00125862	0.80771
2432		0.385531	-0.00131428	0.80771
2433		0.385575	-0.00137033	0.80771
2434		0.38562	-0.00142681	0.80771
2435		0.385665	-0.00148371	0.80771
2436		0.38571	-0.00154107	0.80771
2437		0.385756	-0.0015989	0.80771
2438		0.385802	-0.00165721	0.80771
2439		0.385848	-0.00171602	0.80771
2440		0.385895	-0.00177536	0.80771
2441		0.385942	-0.00183523	0.80771
2442		0.38599	-0.00189566	0.80771
2443		0.386038	-0.00195667	0.80771
2444		0.386087	-0.00201827	0.80771
2445		0.386136	-0.00208049	0.80771
2446		0.386185	-0.00214333	0.80771
2447		0.386236	-0.00220683	0.80771
2448		0.386286	-0.002271	0.80771
2449		0.386337	-0.00233585	0.80771
2450		0.386389	-0.00240142	0.80771
2451		0.386441	-0.00246771	0.80771
2452		0.386494	-0.00253476	0.80771
2453		0.386548	-0.00260257	0.80771
2454		0.386602	-0.00267117	0.80771
2455		0.386657	-0.00274059	0.80771
2456		0.386712	-0.00281084	0.80771
2457		0.386769	-0.00288194	0.80771
2458		0.386825	-0.00295391	0.80771
2459		0.386883	-0.00302678	0.80771
2460		0.386941	-0.00310058	0.80771
2461		0.387	-0.00317531	0.80771
2462		0.38706	-0.00325101	0.80771
2463		0.38712	-0.00332769	0.80771
2464		0.387182	-0.00340539	0.80771
2465		0.387244	-0.00348412	0.80771
2466		0.387307	-0.0035639	0.80771
2467		0.387371	-0.00364477	0.80771
2468		0.387435	-0.00372675	0.80771
2469		0.387501	-0.00380985	0.80771
2470		0.387568	-0.00389412	0.80771
2471		0.387635	-0.00397957	0.80771
2472		0.387703	-0.00406622	0.80771
2473		0.387773	-0.00415411	0.80771
2474		0.387843	-0.00424326	0.80771
2475		0.387915	-0.0043337	0.80771
2476		0.387987	-0.00442546	0.80771
2477		0.388061	-0.00451856	0.80771
2478		0.388135	-0.00461303	0.80771
2479		0.388211	-0.0047089	0.80771
2480		0.388288	-0.0048062	0.80771
2481		0.388366	-0.00490496	0.80771
2482		0.388445	-0.00500521	0.80771
2483		0.388525	-0.00510698	0.80771
2484		0.388607	-0.0052103	0.80771
2485		0.38869	-0.00531521	0.80771
2486		0.388774	-0.00542172	0.80771
2487		0.388859	-0.00552989	0.80771
2488		0.388946	-0.00563973	0.80771
2489		0.389034	-0.00575128	0.80771
2490		0.389123	-0.00586459	0.80771
2491		0.389214	-0.00597967	0.80771
2492		0.389306	-0.00609657	0.80771
2493		0.3894	-0.00621531	0.80771
2494		0.389495	-0.00633595	0.80771
2495		0.389592	-0.00645851	0.80771
2496		0.38969	-0.00658303	0.80771
2497		0.38979	-0.00670955	0.80771
2498		0.389892	-0.00683811	0.80771
2499		0.389995	-0.00696874	0.80771
2500		0.3901	-0.00710149	0.80771
2501		0.390206	-0.0072364	0.80771
2502		0.390314	-0.0073735	0.80771
2503		0.390424	-0.00751284	0.80771
2504		0.390536	-0.00765447	0.80771
2505		0.39065	-0.00779841	0.80771
2506		0.390765	-0.00794473	0.80771
2507		0.390883	-0.00809346	0.80771
2508		0.391002	-0.00824464	0.80771
2509		0.391124	-0.00839833	0.80771
2510		0.391247	-0.00855457	0.80771
2511		0.391372	-0.00871341	0.80771
2512		0.3915	-0.00887489	0.80771
2513		0.391629	-0.00903907	0.80771
2514		0.391761	-0.00920599	0.80771
2515		0.391895	-0.00937571	0.80771
2516		0.392031	-0.00954827	0.80771
2517		0.39217	-0.00972373	0.80771
2518		0.392311	-0.00990215	0.80771
2519		0.392454	-0.0100836	0.80771
2520		0.3926	-0.0102681	0.80771
2521		0.392748	-0.0104557	0.80771
2522		0.392898	-0.0106464	0.80771
2523		0.393052	-0.0108404	0.80771
2524		0.393207	-0.0110377	0.80771
2525		0.393366	-0.0112384	0.80771
2526		0.393527	-0.0114425	0.80771
2527		0.393691	-0.01165	0.80771
2528		0.393857	-0.0118611	0.80771
2529		0.394027	-0.0120758	0.80771
2530		0.394199	-0.0122941	0.80771
2531		0.394374	-0.0125162	0.80771
2532		0.394553	-0.0127421	0.80771
2533		0.394734	-0.0129718	0.80771
2534		0.394919	-0.0132055	0.80771
2535		0.395106	-0.0134432	0.80771
2536		0.395297	-0.013685	0.80771
2537		0.395491	-0.0139309	0.80771
2538		0.395689	-0.0141811	0.80771
2539		0.39589	-0.0144355	0.80771
2540		0.396094	-0.0146944	0.80771
2541		0.396302	-0.0149577	0.80771
2542		0.396513	-0.0152256	0.80771
2543		0.396729	-0.015498	0.80771
2544		0.396947	-0.0157752	0.80771
2545		0.39717	-0.0160572	0.80771
2546		0.397397	-0.0163441	0.80771
2547		0.397627	-0.0166359	0.80771
2548		0.397861	-0.0169327	0.80771
2549		0.3981	-0.0172347	0.80771
2550		0.398342	-0.017542	0.80771
2551		0.398589	-0.0178546	0.80771
2552		0.39884	-0.0181725	0.80771
2553		0.399095	-0.0184961	0.80771
2554		0.399355	-0.0188252	0.80771
2555		0.39962	-0.01916	0.80771
2556		0.399889	-0.0195007	0.80771
2557		0.400162	-0.0198472	0.80771
2558		0.400441	-0.0201999	0.80771
2559		0.400724	-0.0205586	0.80771
2560		0.401012	-0.0209236	0.80771
2561		0.401305	-0.0212949	0.80771
2562		0.401603	-0.0216727	0.80771
2563		0.401907	-0.0220571	0.80771
2564		0.402216	-0.0224482	0.80771
2565		0.40253	-0.0228461	0.80771
2566		0.402849	-0.0232509	0.80771
2567		0.403174	-0.0236628	0.80771
2568		0.403505	-0.0240819	0.80771
2569		0.403842	-0.0245082	0.80771
2570		0.404184	-0.0249421	0.80771
2571		0.404533	-0.0253835	0.80771
2572		0.404887	-0.0258326	0.80771
2573		0.405248	-0.0262896	0.80771
2574		0.405615	-0.0267545	0.80771
2575		0.405989	-0.0272276	0.80771
2576		0.406369	-0.0277089	0.80771
2577		0.406755	-0.0281986	0.80771
2578		0.407149	-0.0286969	0.80771
2579		0.407549	-0.0292039	0.80771
2580		0.407956	-0.0297198	0.80771
2581		0.408371	-0.0302447	0.80771
2582		0.408792	-0.0307788	0.80771
2583		0.409221	-0.0313223	0.80771
2584		0.409658	-0.0318752	0.80771
2585		0.410102	-0.0324379	0.80771
2586		0.410554	-0.0330103	0.80771
2587		0.411014	-0.0335928	0.80771
2588		0.411482	-0.0341856	0.80771
2589		0.411958	-0.0347886	0.80771
2590		0.412442	-0.0354023	0.80771
2591		0.412935	-0.0360267	0.80771
2592		0.413437	-0.036662	0.80771
2593		0.413947	-0.0373085	0.80771
2594		0.414467	-0.0379663	0.80771
2595		0.414995	-0.0386356	0.80771
2596		0.415533	-0.0393167	0.80771
2597		0.41608	-0.0400097	0.80771
2598		0.416637	-0.0407148	0.80771
2599		0.417203	-0.041432	0.80771
2600		0.417778	-0.042161	0.80771
2601		0.418363	-0.042901	0.80771
2602		0.418955	-0.0436511	0.80771
2603		0.419554	-0.0444098	0.80771
2604		0.420158	-0.0451758	0.80771
2605		0.420768	-0.0459474	0.80771
2606		0.42138	-0.0467227	0.80771
2607		0.421993	-0.0475	0.80771
2608		0.422607	-0.0482773	0.80771
2609		0.423219	-0.0490526	0.80771
2610		0.423828	-0.0498242	0.80771
2611		0.424433	-0.0505902	0.80771
2612		0.425032	-0.0513489	0.80771
2613		0.425624	-0.052099	0.80771
2614		0.426208	-0.052839	0.80771
2615		0.426784	-0.053568	0.80771
2616		0.42735	-0.0542852	0.80771
2617		0.427907	-0.0549903	0.80771
2618		0.428454	-0.0556833	0.80771
2619		0.428992	-0.0563644	0.80771
2620		0.42952	-0.0570337	0.80771
2621		0.430039	-0.0576915	0.80771
2622		0.43055	-0.058338	0.80771
2623		0.431051	-0.0589733	0.80771
2624		0.431544	-0.0595977	0.80771
2625		0.432029	-0.0602114	0.80771
2626		0.432505	-0.0608144	0.80771
2627		0.432973	-0.0614071	0.80771
2628		0.433433	-0.0619896	0.80771
2629		0.433884	-0.0625621	0.80771
2630		0.434329	-0.0631248	0.80771
2631		0.434765	-0.0636777	0.80771
2632		0.435194	-0.0642211	0.80771
2633		0.435616	-0.0647552	0.80771
2634		0.43603	-0.0652801	0.80771
2635		0.436438	-0.065796	0.80771
2636		0.436838	-0.0663031	0.80771
2637		0.437231	-0.0668014	0.80771
2638		0.437618	-0.0672911	0.80771
2639		0.437998	-0.0677724	0.80771
2640		0.438371	-0.0682455	0.80771
2641		0.438738	-0.0687104	0.80771
2642		0.439099	-0.0691674	0.80771
2643		0.439454	-0.0696165	0.80771
2644		0.439802	-0.0700579	0.80771
2645		0.440145	-0.0704917	0.80771
2646		0.440481	-0.0709181	0.80771
2647		0.440812	-0.0713372	0.80771
2648		0.441137	-0.0717491	0.80771
2649		0.441457	-0.0721539	0.80771
2650		0.441771	-0.0725518	0.80771
2651		0.44208	-0.0729429	0.80771
2652		0.442383	-0.0733273	0.80771
2653		0.442682	-0.0737051	0.80771
2654		0.442975	-0.0740764	0.80771
2655		0.443263	-0.0744414	0.80771
2656		0.443546	-0.0748001	0.80771
2657		0.443824	-0.0751527	0.80771
2658		0.444098	-0.0754993	0.80771
2659		0.444367	-0.07584	0.80771
2660		0.444631	-0.0761748	0.80771
2661		0.444891	-0.0765039	0.80771
2662		0.445147	-0.0768274	0.80771
2663		0.445398	-0.0771454	0.80771
2664		0.445644	-0.077458	0.80771
2665		0.445887	-0.0777652	0.80771
2666		0.446125	-0.0780672	0.80771
2667		0.44636	-0.0783641	0.80771
2668		0.44659	-0.0786559	0.80771
2669		0.446817	-0.0789428	0.80771
2670		0.447039	-0.0792247	0.80771
2671		0.447258	-0.0795019	0.80771
2672		0.447473	-0.0797744	0.80771
2673		0.447685	-0.0800423	0.80771
2674		0.447893	-0.0803056	0.80771
2675		0.448097	-0.0805644	0.80771
2676		0.448298	-0.0808189	0.80771
2677		0.448495	-0.0810691	0.80771
2678		0.448689	-0.081315	0.80771
2679		0.44888	-0.0815568	0.80771
2680		0.449068	-0.0817945	0.80771
2681		0.449252	-0.0820282	0.80771
2682		0.449434	-0.0822579	0.80771
2683		0.449612	-0.0824838	0.80771
2684		0.449787	-0.0827059	0.80771
2685		0.44996	-0.0829242	0.80771
2686		0.450129	-0.0831389	0.80771
2687		0.450296	-0.08335	0.80771
2688		0.45046	-0.0835575	0.80771
2689		0.450621	-0.0837616	0.80771
2690		0.450779	-0.0839622	0.80771
2691		0.450935	-0.0841595	0.80771
2692		0.451088	-0.0843535	0.80771
2693		0.451239	-0.0845443	0.80771
2694		0.451387	-0.0847319	0.80771
2695		0.451533	-0.0849164	0.80771
2696		0.451676	-0.0850978	0.80771
2697		0.451817	-0.0852762	0.80771
2698		0.451955	-0.0854517	0.80771
2699		0.452091	-0.0856243	0.80771
2700		0.452225	-0.085794	0.80771
2701		0.452357	-0.0859609	0.80771
2702		0.452487	-0.0861251	0.80771
2703		0.452614	-0.0862866	0.80771
2704		0.45274	-0.0864454	0.80771
2705		0.452863	-0.0866016	0.80771
2706		0.452984	-0.0867553	0.80771
2707		0.453104	-0.0869065	0.80771
2708		0.453221	-0.0870552	0.80771
2709		0.453337	-0.0872015	0.80771
2710		0.45345	-0.0873455	0.80771
2711		0.453562	-0.0874871	0.80771
2712		0.453672	-0.0876265	0.80771
2713		0.45378	-0.0877636	0.80771
2714		0.453887	-0.0878985	0.80771
2715		0.453992	-0.0880312	0.80771
2716		0.454095	-0.0881618	0.80771
2717		0.454196	-0.0882904	0.80771
2718		0.454296	-0.0884169	0.80771
2719		0.454395	-0.0885414	0.80771
2720		0.454491	-0.088664	0.80771
2721		0.454587	-0.0887846	0.80771
2722		0.45468	-0.0889034	0.80771
2723		0.454773	-0.0890203	0.80771
2724		0.454863	-0.0891354	0.80771
2725		0.454953	-0.0892487	0.80771
2726		0.455041	-0.0893602	0.80771
2727		0.455128	-0.0894701	0.80771
2728		0.455213	-0.0895782	0.80771
2729		0.455297	-0.0896847	0.80771
2730		0.45538	-0.0897896	0.80771
2731		0.455462	-0.089893	0.80771
2732		0.455542	-0.0899947	0.80771
2733		0.455621	-0.090095	0.80771
2734		0.455699	-0.0901937	0.80771
2735		0.455776	-0.090291	0.80771
2736		0.455852	-0.0903869	0.80771
2737		0.455926	-0.0904814	0.80771
2738		0.456	-0.0905745	0.80771
2739		0.456072	-0.0906662	0.80771
2740		0.456144	-0.0907567	0.80771
2741		0.456214	-0.0908458	0.80771
2742		0.456283	-0.0909337	0.80771
2743		0.456352	-0.0910204	0.80771
2744		0.456419	-0.0911058	0.80771
2745		0.456486	-0.0911901	0.80771
2746		0.456551	-0.0912732	0.80771
2747		0.456616	-0.0913551	0.80771
2748		0.45668	-0.091436	0.80771
2749		0.456743	-0.0915158	0.80771
2750		0.456805	-0.0915945	0.80771
2751		0.456866	-0.0916722	0.80771
2752		0.456927	-0.0917489	0.80771
2753		0.456987	-0.0918246	0.80771
2754		0.457046	-0.0918993	0.80771
2755		0.457104	-0.0919731	0.80771
2756		0.457161	-0.092046	0.80771
2757		0.457218	-0.092118	0.80771
2758		0.457274	-0.0921891	0.80771
2759		0.45733	-0.0922593	0.80771
2760		0.457385	-0.0923287	0.80771
2761		0.457439	-0.0923973	0.80771
2762		0.457492	-0.0924651	0.80771
2763		0.457545	-0.0925322	0.80771
2764		0.457598	-0.0925985	0.80771
2765		0.457649	-0.092664	0.80771
2766		0.457701	-0.0927289	0.80771
2767		0.457751	-0.0927931	0.80771
2768		0.457801	-0.0928566	0.80771
2769		0.457851	-0.0929194	0.80771
2770		0.4579	-0.0929816	0.80771
2771		0.457949	-0.0930432	0.80771
2772		0.457997	-0.0931042	0.80771
2773		0.458045	-0.0931646	0.80771
2774		0.458092	-0.0932245	0.80771
2775		0.458139	-0.0932838	0.80771
2776		0.458185	-0.0933427	0.80771
2777		0.458231	-0.093401	0.80771
2778		0.458277	-0.0934588	0.80771
2779		0.458322	-0.0935161	0.80771
2780		0.458367	-0.093573	0.80771
2781		0.458412	-0.0936295	0.80771
2782		0.458456	-0.0936856	0.80771
2783		0.4585	-0.0937412	0.80771
2784		0.458544	-0.0937965	0.80771
2785		0.458587	-0.0938514	0.80771
2786		0.45863	-0.093906	0.80771
2787		0.458673	-0.0939602	0.80771
2788		0.458715	-0.0940141	0.80771
2789		0.458758	-0.0940677	0.80771
2790		0.4588	-0.0941211	0.80771
2791		0.458842	-0.0941741	0.80771
2792		0.458884	-0.0942269	0.80771
2793		0.458925	-0.0942795	0.80771
2794		0.458966	-0.0943319	0.80771
2795		0.459008	-0.094384	0.80771
2796		0.459049	-0.094436	0.80771
2797		0.45909	-0.0944878	0.80771
2798		0.45913	-0.0945394	0.80771
2799		0.459171	-0.0945909	0.80771
2800		0.459212	-0.0946423	0.80771
2801		0.459252	-0.0946936	0.80771
2802		0.459292	-0.0947447	0.80771
2803		0.459333	-0.0947958	0.80771
2804		0.459373	-0.0948469	0.80771
2805		0.459413	-0.0948979	0.80771
2806		0.459454	-0.0949488	0.80771
2807		0.459494	-0.0949998	0.80771
2808		0.459494	-0.0949998	0.80771
2809		0.459534	-0.0949488	0.80771
2810		0.459574	-0.0948979	0.80771
2811		0.459615	-0.0948469	0.80771
2812		0.459655	-0.0947958	0.80771
2813		0.459695	-0.0947447	0.80771
2814		0.459736	-0.0946935	0.80771
2815		0.459776	-0.0946423	0.80771
2816		0.459817	-0.0945909	0.80771
2817		0.459857	-0.0945394	0.80771
2818		0.459898	-0.0944877	0.80771
2819		0.459939	-0.0944359	0.80771
2820		0.45998	-0.094384	0.80771
2821		0.460021	-0.0943318	0.80771
2822		0.460063	-0.0942795	0.80771
2823		0.460104	-0.0942269	0.80771
2824		0.460146	-0.0941741	0.80771
2825		0.460188	-0.094121	0.80771
2826		0.46023	-0.0940677	0.80771
2827		0.460272	-0.094014	0.80771
2828		0.460315	-0.0939601	0.80771
2829		0.460357	-0.0939059	0.80771
2830		0.460401	-0.0938513	0.80771
2831		0.460444	-0.0937964	0.80771
2832		0.460487	-0.0937412	0.80771
2833		0.460531	-0.0936855	0.80771
2834		0.460576	-0.0936294	0.80771
2835		0.46062	-0.093573	0.80771
2836		0.460665	-0.0935161	0.80771
2837		0.46071	-0.0934587	0.80771
2838		0.460756	-0.0934009	0.80771
2839		0.460802	-0.0933426	0.80771
2840		0.460849	-0.0932837	0.80771
2841		0.460895	-0.0932244	0.80771
2842		0.460943	-0.0931645	0.80771
2843		0.46099	-0.0931041	0.80771
2844		0.461039	-0.0930431	0.80771
2845		0.461087	-0.0929815	0.80771
2846		0.461136	-0.0929193	0.80771
2847		0.461186	-0.0928564	0.80771
2848		0.461236	-0.0927929	0.80771
2849		0.461287	-0.0927288	0.80771
2850		0.461338	-0.0926639	0.80771
2851		0.46139	-0.0925984	0.80771
2852		0.461442	-0.0925321	0.80771
2853		0.461495	-0.092465	0.80771
2854		0.461549	-0.0923972	0.80771
2855		0.461603	-0.0923286	0.80771
2856		0.461657	-0.0922592	0.80771
2857		0.461713	-0.0921889	0.80771
2858		0.461769	-0.0921178	0.80771
2859		0.461826	-0.0920459	0.80771
2860		0.461883	-0.091973	0.80771
2861		0.461942	-0.0918992	0.80771
2862		0.462001	-0.0918245	0.80771
2863		0.46206	-0.0917488	0.80771
2864		0.462121	-0.0916721	0.80771
2865		0.462182	-0.0915944	0.80771
2866		0.462244	-0.0915157	0.80771
2867		0.462307	-0.0914359	0.80771
2868		0.462371	-0.091355	0.80771
2869		0.462436	-0.091273	0.80771
2870		0.462502	-0.0911899	0.80771
2871		0.462568	-0.0911056	0.80771
2872		0.462636	-0.0910202	0.80771
2873		0.462704	-0.0909335	0.80771
2874		0.462773	-0.0908457	0.80771
2875		0.462844	-0.0907565	0.80771
2876		0.462915	-0.0906661	0.80771
2877		0.462988	-0.0905743	0.80771
2878		0.463061	-0.0904812	0.80771
2879		0.463136	-0.0903867	0.80771
2880		0.463211	-0.0902909	0.80771
2881		0.463288	-0.0901936	0.80771
2882		0.463366	-0.0900948	0.80771
2883		0.463445	-0.0899946	0.80771
2884		0.463526	-0.0898928	0.80771
2885		0.463607	-0.0897895	0.80771
2886		0.46369	-0.0896846	0.80771
2887		0.463774	-0.089578	0.80771
2888		0.46386	-0.0894699	0.80771
2889		0.463946	-0.08936	0.80771
2890		0.464034	-0.0892485	0.80771
2891		0.464124	-0.0891352	0.80771
2892		0.464215	-0.0890201	0.80771
2893		0.464307	-0.0889032	0.80771
2894		0.464401	-0.0887845	0.80771
2895		0.464496	-0.0886638	0.80771
2896		0.464593	-0.0885413	0.80771
2897		0.464691	-0.0884167	0.80771
2898		0.464791	-0.0882902	0.80771
2899		0.464892	-0.0881617	0.80771
2900		0.464995	-0.088031	0.80771
2901		0.4651	-0.0878983	0.80771
2902		0.465207	-0.0877634	0.80771
2903		0.465315	-0.0876263	0.80771
2904		0.465425	-0.0874869	0.80771
2905		0.465537	-0.0873453	0.80771
2906		0.46565	-0.0872014	0.80771
2907		0.465766	-0.087055	0.80771
2908		0.465883	-0.0869063	0.80771
2909		0.466003	-0.0867551	0.80771
2910		0.466124	-0.0866014	0.80771
2911		0.466247	-0.0864452	0.80771
2912		0.466373	-0.0862864	0.80771
2913		0.4665	-0.0861249	0.80771
2914		0.46663	-0.0859607	0.80771
2915		0.466762	-0.0857938	0.80771
2916		0.466896	-0.0856241	0.80771
2917		0.467032	-0.0854515	0.80771
2918		0.46717	-0.085276	0.80771
2919		0.467311	-0.0850976	0.80771
2920		0.467455	-0.0849162	0.80771
2921		0.4676	-0.0847317	0.80771
2922		0.467748	-0.0845441	0.80771
2923		0.467899	-0.0843533	0.80771
2924		0.468052	-0.0841593	0.80771
2925		0.468208	-0.083962	0.80771
2926		0.468366	-0.0837614	0.80771
2927		0.468527	-0.0835573	0.80771
2928		0.468691	-0.0833498	0.80771
2929		0.468858	-0.0831387	0.80771
2930		0.469027	-0.082924	0.80771
2931		0.4692	-0.0827057	0.80771
2932		0.469375	-0.0824836	0.80771
2933		0.469553	-0.0822577	0.80771
2934		0.469735	-0.082028	0.80771
2935		0.469919	-0.0817943	0.80771
2936		0.470107	-0.0815566	0.80771
2937		0.470298	-0.0813148	0.80771
2938		0.470492	-0.0810689	0.80771
2939		0.470689	-0.0808187	0.80771
2940		0.47089	-0.0805642	0.80771
2941		0.471095	-0.0803054	0.80771
2942		0.471303	-0.0800421	0.80771
2943		0.471514	-0.0797742	0.80771
2944		0.471729	-0.0795017	0.80771
2945		0.471948	-0.0792245	0.80771
2946		0.472171	-0.0789426	0.80771
2947		0.472397	-0.0786557	0.80771
2948		0.472627	-0.0783639	0.80771
2949		0.472862	-0.078067	0.80771
2950		0.4731	-0.077765	0.80771
2951		0.473343	-0.0774578	0.80771
2952		0.47359	-0.0771452	0.80771
2953		0.473841	-0.0768272	0.80771
2954		0.474096	-0.0765037	0.80771
2955		0.474356	-0.0761746	0.80771
2956		0.47462	-0.0758398	0.80771
2957		0.474889	-0.0754991	0.80771
2958		0.475163	-0.0751525	0.80771
2959		0.475441	-0.0747999	0.80771
2960		0.475724	-0.0744412	0.80771
2961		0.476012	-0.0740762	0.80771
2962		0.476306	-0.0737049	0.80771
2963		0.476604	-0.0733271	0.80771
2964		0.476907	-0.0729427	0.80771
2965		0.477216	-0.0725516	0.80771
2966		0.47753	-0.0721537	0.80771
2967		0.47785	-0.0717489	0.80771
2968		0.478175	-0.071337	0.80771
2969		0.478506	-0.0709179	0.80771
2970		0.478842	-0.0704915	0.80771
2971		0.479185	-0.0700577	0.80771
2972		0.479533	-0.0696163	0.80771
2973		0.479888	-0.0691672	0.80771
2974		0.480249	-0.0687102	0.80771
2975		0.480616	-0.0682453	0.80771
2976		0.480989	-0.0677722	0.80771
2977		0.481369	-0.0672909	0.80771
2978		0.481756	-0.0668011	0.80771
2979		0.482149	-0.0663028	0.80771
2980		0.48255	-0.0657958	0.80771
2981		0.482957	-0.0652799	0.80771
2982		0.483371	-0.064755	0.80771
2983		0.483793	-0.0642209	0.80771
2984		0.484222	-0.0636775	0.80771
2985		0.484659	-0.0631245	0.80771
2986		0.485103	-0.0625619	0.80771
2987		0.485555	-0.0619894	0.80771
2988		0.486015	-0.0614069	0.80771
2989		0.486482	-0.0608142	0.80771
2990		0.486959	-0.0602111	0.80771
2991		0.487443	-0.0595975	0.80771
2992		0.487936	-0.0589731	0.80771
2993		0.488438	-0.0583378	0.80771
2994		0.488948	-0.0576913	0.80771
2995		0.489467	-0.0570335	0.80771
2996		0.489996	-0.0563642	0.80771
2997		0.490533	-0.0556831	0.80771
2998		0.49108	-0.0549901	0.80771
2999		0.491637	-0.054285	0.80771
3000		0.492203	-0.0535677	0.80771
3001		0.492779	-0.0528388	0.80771
3002		0.493363	-0.0520987	0.80771
3003		0.493955	-0.0513487	0.80771
3004		0.494554	-0.05059	0.80771
3005		0.495159	-0.049824	0.80771
3006		0.495768	-0.0490524	0.80771
3007		0.49638	-0.0482771	0.80771
3008		0.496994	-0.0474998	0.80771
3009		0.497608	-0.0467225	0.80771
3010		0.49822	-0.0459471	0.80771
3011		0.498829	-0.0451756	0.80771
3012		0.499433	-0.0444096	0.80771
3013		0.500033	-0.0436508	0.80771
3014		0.500625	-0.0429008	0.80771
3015		0.501209	-0.0421608	0.80771
3016		0.501784	-0.0414318	0.80771
3017		0.502351	-0.0407146	0.80771
3018		0.502907	-0.0400094	0.80771
3019		0.503454	-0.0393164	0.80771
3020		0.503992	-0.0386354	0.80771
3021		0.50452	-0.0379661	0.80771
3022		0.50504	-0.0373083	0.80771
3023		0.50555	-0.0366618	0.80771
3024		0.506052	-0.0360265	0.80771
3025		0.506545	-0.0354021	0.80771
3026		0.507029	-0.0347884	0.80771
3027		0.507505	-0.0341853	0.80771
3028		0.507973	-0.0335926	0.80771
3029		0.508433	-0.0330101	0.80771
3030		0.508885	-0.0324376	0.80771
3031		0.509329	-0.031875	0.80771
3032		0.509766	-0.0313221	0.80771
3033		0.510195	-0.0307786	0.80771
3034		0.510616	-0.0302445	0.80771
3035		0.511031	-0.0297196	0.80771
3036		0.511438	-0.0292037	0.80771
3037		0.511838	-0.0286967	0.80771
3038		0.512232	-0.0281984	0.80771
3039		0.512618	-0.0277087	0.80771
3040		0.512998	-0.0272273	0.80771
3041		0.513372	-0.0267543	0.80771
3042		0.513739	-0.0262893	0.80771
3043		0.5141	-0.0258324	0.80771
3044		0.514454	-0.0253833	0.80771
3045		0.514803	-0.0249419	0.80771
3046		0.515145	-0.024508	0.80771
3047		0.515482	-0.0240816	0.80771
3048		0.515813	-0.0236626	0.80771
3049		0.516138	-0.0232507	0.80771
3050		0.516458	-0.0228458	0.80771
3051		0.516772	-0.022448	0.80771
3052		0.51708	-0.0220569	0.80771
3053		0.517384	-0.0216725	0.80771
3054		0.517682	-0.0212947	0.80771
3055		0.517975	-0.0209234	0.80771
3056		0.518263	-0.0205584	0.80771
3057		0.518547	-0.0201996	0.80771
3058		0.518825	-0.019847	0.80771
3059		0.519099	-0.0195005	0.80771
3060		0.519368	-0.0191598	0.80771
3061		0.519632	-0.018825	0.80771
3062		0.519892	-0.0184958	0.80771
3063		0.520147	-0.0181723	0.80771
3064		0.520398	-0.0178543	0.80771
3065		0.520645	-0.0175418	0.80771
3066		0.520888	-0.0172345	0.80771
3067		0.521126	-0.0169325	0.80771
3068		0.52136	-0.0166357	0.80771
3069		0.521591	-0.0163439	0.80771
3070		0.521817	-0.016057	0.80771
3071		0.52204	-0.015775	0.80771
3072		0.522259	-0.0154978	0.80771
3073		0.522474	-0.0152254	0.80771
3074		0.522685	-0.0149575	0.80771
3075		0.522893	-0.0146942	0.80771
3076		0.523097	-0.0144353	0.80771
3077		0.523298	-0.0141809	0.80771
3078		0.523496	-0.0139307	0.80771
3079		0.52369	-0.0136848	0.80771
3080		0.523881	-0.013443	0.80771
3081		0.524069	-0.0132053	0.80771
3082		0.524253	-0.0129716	0.80771
3083		0.524434	-0.0127419	0.80771
3084		0.524613	-0.012516	0.80771
3085		0.524788	-0.0122939	0.80771
3086		0.52496	-0.0120756	0.80771
3087		0.52513	-0.0118609	0.80771
3088		0.525297	-0.0116498	0.80771
3089		0.52546	-0.0114423	0.80771
3090		0.525622	-0.0112382	0.80771
3091		0.52578	-0.0110375	0.80771
3092		0.525936	-0.0108402	0.80771
3093		0.526089	-0.0106462	0.80771
3094		0.526239	-0.0104555	0.80771
3095		0.526388	-0.0102679	0.80771
3096		0.526533	-0.0100834	0.80771
3097		0.526676	-0.00990195	0.80771
3098		0.526817	-0.00972354	0.80771
3099		0.526956	-0.00954807	0.80771
3100		0.527092	-0.00937551	0.80771
3101		0.527226	-0.00920579	0.80771
3102		0.527358	-0.00903887	0.80771
3103		0.527487	-0.0088747	0.80771
3104		0.527615	-0.00871322	0.80771
3105		0.52774	-0.00855438	0.80771
3106		0.527864	-0.00839814	0.80771
3107		0.527985	-0.00824445	0.80771
3108		0.528104	-0.00809327	0.80771
3109		0.528222	-0.00794454	0.80771
3110		0.528337	-0.00779823	0.80771
3111		0.528451	-0.00765428	0.80771
3112		0.528563	-0.00751266	0.80771
3113		0.528673	-0.00737331	0.80771
3114		0.528781	-0.00723621	0.80771
3115		0.528888	-0.00710131	0.80771
3116		0.528992	-0.00696856	0.80771
3117		0.529095	-0.00683793	0.80771
3118		0.529197	-0.00670937	0.80771
3119		0.529297	-0.00658285	0.80771
3120		0.529395	-0.00645833	0.80771
3121		0.529492	-0.00633577	0.80771
3122		0.529587	-0.00621514	0.80771
3123		0.529681	-0.00609639	0.80771
3124		0.529773	-0.00597949	0.80771
3125		0.529864	-0.00586441	0.80771
3126		0.529953	-0.00575111	0.80771
3127		0.530042	-0.00563956	0.80771
3128		0.530128	-0.00552971	0.80771
3129		0.530214	-0.00542155	0.80771
3130		0.530298	-0.00531504	0.80771
3131		0.530381	-0.00521013	0.80771
3132		0.530462	-0.00510681	0.80771
3133		0.530543	-0.00500504	0.80771
3134		0.530622	-0.00490479	0.80771
3135		0.5307	-0.00480603	0.80771
3136		0.530776	-0.00470873	0.80771
3137		0.530852	-0.00461286	0.80771
3138		0.530927	-0.00451839	0.80771
3139		0.531	-0.0044253	0.80771
3140		0.531073	-0.00433354	0.80771
3141		0.531144	-0.0042431	0.80771
3142		0.531214	-0.00415395	0.80771
3143		0.531284	-0.00406606	0.80771
3144		0.531352	-0.00397941	0.80771
3145		0.53142	-0.00389397	0.80771
3146		0.531486	-0.0038097	0.80771
3147		0.531552	-0.0037266	0.80771
3148		0.531617	-0.00364462	0.80771
3149		0.53168	-0.00356375	0.80771
3150		0.531743	-0.00348397	0.80771
3151		0.531806	-0.00340524	0.80771
3152		0.531867	-0.00332755	0.80771
3153		0.531927	-0.00325086	0.80771
3154		0.531987	-0.00317517	0.80771
3155		0.532046	-0.00310044	0.80771
3156		0.532105	-0.00302665	0.80771
3157		0.532162	-0.00295378	0.80771
3158		0.532219	-0.0028818	0.80771
3159		0.532275	-0.0028107	0.80771
3160		0.53233	-0.00274046	0.80771
3161		0.532385	-0.00267104	0.80771
3162		0.532439	-0.00260244	0.80771
3163		0.532493	-0.00253463	0.80771
3164		0.532546	-0.00246759	0.80771
3165		0.532598	-0.00240129	0.80771
3166		0.53265	-0.00233573	0.80771
3167		0.532701	-0.00227088	0.80771
3168		0.532752	-0.00220671	0.80771
3169		0.532802	-0.00214322	0.80771
3170		0.532852	-0.00208037	0.80771
3171		0.532901	-0.00201816	0.80771
3172		0.532949	-0.00195656	0.80771
3173		0.532998	-0.00189556	0.80771
3174		0.533045	-0.00183513	0.80771
3175		0.533093	-0.00177526	0.80771
3176		0.533139	-0.00171592	0.80771
3177		0.533186	-0.00165711	0.80771
3178		0.533232	-0.0015988	0.80771
3179		0.533278	-0.00154098	0.80771
3180		0.533323	-0.00148363	0.80771
3181		0.533368	-0.00142672	0.80771
3182		0.533412	-0.00137025	0.80771
3183		0.533457	-0.00131419	0.80771
3184		0.533501	-0.00125854	0.80771
3185		0.533544	-0.00120327	0.80771
3186		0.533588	-0.00114836	0.80771
3187		0.533631	-0.0010938	0.80771
3188		0.533673	-0.00103957	0.80771
3189		0.533716	-0.000985659	0.80771
3190		0.533758	-0.000932046	0.80771
3191		0.533801	-0.000878717	0.80771
3192		0.533842	-0.000825655	0.80771
3193		0.533884	-0.000772844	0.80771
3194		0.533926	-0.000720267	0.80771
3195		0.533967	-0.000667909	0.80771
3196		0.534008	-0.000615754	0.80771
3197		0.534049	-0.000563786	0.80771
3198		0.53409	-0.000511989	0.80771
3199		0.534131	-0.000460348	0.80771
3200		0.534172	-0.000408846	0.80771
3201		0.534212	-0.000357469	0.80771
3202		0.534253	-0.000306201	0.80771
3203		0.534293	-0.000255025	0.80771
3204		0.534333	-0.000203927	0.80771
3205		0.534374	-0.000152891	0.80771
3206		0.534414	-0.000101901	0.80771
3207		0.534454	-5.0943e-05	0.80771
3208		0.534494	0	0.80771
3209		0.534494	0	0.80771
3210		0.534535	5.0947e-05	0.80771
3211		0.534575	0.000101909	0.80771
3212		0.534615	0.000152903	0.80771
3213		0.534655	0.000203943	0.80771
3214		0.534696	0.000255044	0.80771
3215		0.534736	0.000306224	0.80771
3216		0.534777	0.000357496	0.80771
3217		0.534817	0.000408876	0.80771
3218		0.534858	0.000460381	0.80771
3219		0.534899	0.000512026	0.80771
3220		0.53494	0.000563826	0.80771
3221		0.534981	0.000615797	0.80771
3222		0.535022	0.000667956	0.80771
3223		0.535063	0.000720317	0.80771
3224		0.535105	0.000772897	0.80771
3225		0.535146	0.000825711	0.80771
3226		0.535188	0.000878777	0.80771
3227		0.53523	0.000932109	0.80771
3228		0.535273	0.000985724	0.80771
3229		0.535315	0.00103964	0.80771
3230		0.535358	0.00109387	0.80771
3231		0.535401	0.00114843	0.80771
3232		0.535444	0.00120334	0.80771
3233		0.535488	0.00125862	0.80771
3234		0.535532	0.00131428	0.80771
3235		0.535576	0.00137033	0.80771
3236		0.535621	0.00142681	0.80771
3237		0.535666	0.00148371	0.80771
3238		0.535711	0.00154107	0.80771
3239		0.535757	0.0015989	0.80771
3240		0.535803	0.00165721	0.80771
3241		0.535849	0.00171602	0.80771
3242		0.535896	0.00177536	0.80771
3243		0.535943	0.00183523	0.80771
3244		0.535991	0.00189566	0.80771
3245		0.536039	0.00195667	0.80771
3246		0.536088	0.00201827	0.80771
3247		0.536137	0.00208049	0.80771
3248		0.536187	0.00214333	0.80771
3249		0.536237	0.00220683	0.80771
3250		0.536287	0.002271	0.80771
3251		0.536339	0.00233585	0.80771
3252		0.53639	0.00240142	0.80771
3253		0.536443	0.00246771	0.80771
3254		0.536496	0.00253476	0.80771
3255		0.536549	0.00260257	0.80771
3256		0.536603	0.00267117	0.80771
3257		0.536658	0.00274059	0.80771
3258		0.536714	0.00281084	0.80771
3259		0.53677	0.00288194	0.80771
3260		0.536826	0.00295391	0.80771
3261		0.536884	0.00302678	0.80771
3262		0.536942	0.00310058	0.80771
3263		0.537001	0.00317531	0.80771
3264		0.537061	0.00325101	0.80771
3265		0.537122	0.00332769	0.80771
3266		0.537183	0.00340539	0.80771
3267		0.537245	0.00348412	0.80771
3268		0.537308	0.0035639	0.80771
3269		0.537372	0.00364477	0.80771
3270		0.537437	0.00372675	0.80771
3271		0.537502	0.00380985	0.80771
3272		0.537569	0.00389412	0.80771
3273		0.537636	0.00397957	0.80771
3274		0.537705	0.00406622	0.80771
3275		0.537774	0.00415411	0.80771
3276		0.537844	0.00424326	0.80771
3277		0.537916	0.0043337	0.80771
3278		0.537988	0.00442546	0.80771
3279		0.538062	0.00451856	0.80771
3280		0.538136	0.00461303	0.80771
3281		0.538212	0.0047089	0.80771
3282		0.538289	0.0048062	0.80771
3283		0.538367	0.00490496	0.80771
3284		0.538446	0.00500521	0.80771
3285		0.538526	0.00510698	0.80771
3286		0.538608	0.0052103	0.80771
3287		0.538691	0.00531521	0.80771
3288		0.538775	0.00542172	0.80771
3289		0.53886	0.00552989	0.80771
3290		0.538947	0.00563973	0.80771
3291		0.539035	0.00575128	0.80771
3292		0.539124	0.00586459	0.80771
3293		0.539215	0.00597967	0.80771
3294		0.539307	0.00609657	0.80771
3295		0.539401	0.00621531	0.80771
3296		0.539496	0.00633595	0.80771
3297		0.539593	0.00645851	0.80771
3298		0.539692	0.00658303	0.80771
3299		0.539791	0.00670955	0.80771
3300		0.539893	0.00683811	0.80771
3301		0.539996	0.00696874	0.80771
3302		0.540101	0.00710149	0.80771
3303		0.540207	0.0072364	0.80771
3304		0.540316	0.0073735	0.80771
3305		0.540426	0.00751284	0.80771
3306		0.540537	0.00765447	0.80771
3307		0.540651	0.00779841	0.80771
3308		0.540767	0.00794473	0.80771
3309		0.540884	0.00809346	0.80771
3310		0.541003	0.00824464	0.80771
3311		0.541125	0.00839833	0.80771
3312		0.541248	0.00855457	0.80771
3313		0.541373	0.00871341	0.80771
3314		0.541501	0.00887489	0.80771
3315		0.541631	0.00903907	0.80771
3316		0.541762	0.00920599	0.80771
3317		0.541896	0.00937571	0.80771
3318		0.542033	0.00954827	0.80771
3319		0.542171	0.00972373	0.80771
3320		0.542312	0.00990215	0.80771
3321		0.542455	0.0100836	0.80771
3322		0.542601	0.0102681	0.80771
3323		0.542749	0.0104557	0.80771
3324		0.5429	0.0106464	0.80771
3325		0.543053	0.0108404	0.80771
3326		0.543208	0.0110377	0.80771
3327		0.543367	0.0112384	0.80771
3328		0.543528	0.0114425	0.80771
3329		0.543692	0.01165	0.80771
3330		0.543858	0.0118611	0.80771
3331		0.544028	0.0120758	0.80771
3332		0.5442	0.0122941	0.80771
3333		0.544376	0.0125162	0.80771
3334		0.544554	0.0127421	0.80771
3335		0.544735	0.0129718	0.80771
3336		0.54492	0.0132055	0.80771
3337		0.545107	0.0134432	0.80771
3338		0.545298	0.013685	0.80771
3339		0.545493	0.0139309	0.80771
3340		0.54569	0.0141811	0.80771
3341		0.545891	0.0144355	0.80771
3342		0.546095	0.0146944	0.80771
3343		0.546303	0.0149577	0.80771
3344		0.546515	0.0152256	0.80771
3345		0.54673	0.015498	0.80771
3346		0.546949	0.0157752	0.80771
3347		0.547171	0.0160572	0.80771
3348		0.547398	0.0163441	0.80771
3349		0.547628	0.0166359	0.80771
3350		0.547862	0.0169327	0.80771
3351		0.548101	0.0172347	0.80771
3352		0.548343	0.017542	0.80771
3353		0.54859	0.0178546	0.80771
3354		0.548841	0.0181725	0.80771
3355		0.549097	0.0184961	0.80771
3356		0.549356	0.0188252	0.80771
3357		0.549621	0.01916	0.80771
3358		0.54989	0.0195007	0.80771
3359		0.550163	0.0198472	0.80771
3360		0.550442	0.0201999	0.80771
3361		0.550725	0.0205586	0.80771
3362		0.551013	0.0209236	0.80771
3363		0.551306	0.0212949	0.80771
3364		0.551604	0.0216727	0.80771
3365		0.551908	0.0220571	0.80771
3366		0.552217	0.0224482	0.80771
3367		0.552531	0.0228461	0.80771
3368		0.55285	0.0232509	0.80771
3369		0.553176	0.0236628	0.80771
3370		0.553506	0.0240819	0.80771
3371		0.553843	0.0245082	0.80771
3372		0.554186	0.0249421	0.80771
3373		0.554534	0.0253835	0.80771
3374		0.554889	0.0258326	0.80771
3375		0.555249	0.0262896	0.80771
3376		0.555616	0.0267545	0.80771
3377		0.55599	0.0272276	0.80771
3378		0.55637	0.0277089	0.80771
3379		0.556757	0.0281986	0.80771
3380		0.55715	0.0286969	0.80771
3381		0.55755	0.0292039	0.80771
3382		0.557957	0.0297198	0.80771
3383		0.558372	0.0302447	0.80771
3384		0.558794	0.0307788	0.80771
3385		0.559223	0.0313223	0.80771
3386		0.559659	0.0318752	0.80771
3387		0.560103	0.0324379	0.80771
3388		0.560555	0.0330103	0.80771
3389		0.561015	0.0335928	0.80771
3390		0.561483	0.0341856	0.80771
3391		0.561959	0.0347886	0.80771
3392		0.562444	0.0354023	0.80771
3393		0.562937	0.0360267	0.80771
3394		0.563438	0.036662	0.80771
3395		0.563949	0.0373085	0.80771
3396		0.564468	0.0379663	0.80771
3397		0.564996	0.0386356	0.80771
3398		0.565534	0.0393167	0.80771
3399		0.566081	0.0400097	0.80771
3400		0.566638	0.0407148	0.80771
3401		0.567204	0.041432	0.80771
3402		0.567779	0.042161	0.80771
3403		0.568364	0.042901	0.80771
3404		0.568956	0.0436511	0.80771
3405		0.569555	0.0444098	0.80771
3406		0.57016	0.0451758	0.80771
3407		0.570769	0.0459474	0.80771
3408		0.571381	0.0467227	0.80771
3409		0.571994	0.0475	0.80771
3410		0.572608	0.0482773	0.80771
3411		0.57322	0.0490526	0.80771
3412		0.573829	0.0498242	0.80771
3413		0.574434	0.0505902	0.80771
3414		0.575033	0.0513489	0.80771
3415		0.575625	0.052099	0.80771
3416		0.576209	0.052839	0.80771
3417		0.576785	0.053568	0.80771
3418		0.577351	0.0542852	0.80771
3419		0.577908	0.0549903	0.80771
3420		0.578455	0.0556833	0.80771
3421		0.578993	0.0563644	0.80771
3422		0.579521	0.0570337	0.80771
3423		0.58004	0.0576915	0.80771
3424		0.580551	0.058338	0.80771
3425		0.581052	0.0589733	0.80771
3426		0.581545	0.0595977	0.80771
3427		0.58203	0.0602114	0.80771
3428		0.582506	0.0608144	0.80771
3429		0.582974	0.0614071	0.80771
3430		0.583434	0.0619896	0.80771
3431		0.583886	0.0625621	0.80771
3432		0.58433	0.0631248	0.80771
3433		0.584766	0.0636777	0.80771
3434		0.585195	0.0642211	0.80771
3435		0.585617	0.0647552	0.80771
3436		0.586031	0.0652801	0.80771
3437		0.586439	0.065796	0.80771
3438		0.586839	0.0663031	0.80771
3439		0.587232	0.0668014	0.80771
3440		0.587619	0.0672911	0.80771
3441		0.587999	0.0677724	0.80771
3442		0.588372	0.0682455	0.80771
3443		0.58874	0.0687104	0.80771
3444		0.5891	0.0691674	0.80771
3445		0.589455	0.0696165	0.80771
3446		0.589803	0.0700579	0.80771
3447		0.590146	0.0704917	0.80771
3448		0.590482	0.0709181	0.80771
3449		0.590813	0.0713372	0.80771
3450		0.591138	0.0717491	0.80771
3451		0.591458	0.0721539	0.80771
3452		0.591772	0.0725518	0.80771
3453		0.592081	0.0729429	0.80771
3454		0.592384	0.0733273	0.80771
3455		0.592683	0.0737051	0.80771
3456		0.592976	0.0740764	0.80771
3457		0.593264	0.0744414	0.80771
3458		0.593547	0.0748001	0.80771
3459		0.593826	0.0751527	0.80771
3460		0.594099	0.0754993	0.80771
3461		0.594368	0.07584	0.80771
3462		0.594632	0.0761748	0.80771
3463		0.594892	0.0765039	0.80771
3464		0.595148	0.0768274	0.80771
3465		0.595399	0.0771454	0.80771
3466		0.595646	0.077458	0.80771
3467		0.595888	0.0777652	0.80771
3468		0.596127	0.0780672	0.80771
3469		0.596361	0.0783641	0.80771
3470		0.596591	0.0786559	0.80771
3471		0.596818	0.0789428	0.80771
3472		0.59704	0.0792247	0.80771
3473		0.597259	0.0795019	0.80771
3474		0.597474	0.0797744	0.80771
3475		0.597686	0.0800423	0.80771
3476		0.597894	0.0803056	0.80771
3477		0.598098	0.0805644	0.80771
3478		0.598299	0.0808189	0.80771
3479		0.598496	0.0810691	0.80771
3480		0.598691	0.081315	0.80771
3481		0.598881	0.0815568	0.80771
3482		0.599069	0.0817945	0.80771
3483		0.599254	0.0820282	0.80771
3484		0.599435	0.0822579	0.80771
3485		0.599613	0.0824838	0.80771
3486		0.599789	0.0827059	0.80771
3487		0.599961	0.0829242	0.80771
3488		0.60013	0.0831389	0.80771
3489		0.600297	0.08335	0.80771
3490		0.600461	0.0835575	0.80771
3491		0.600622	0.0837616	0.80771
3492		0.60078	0.0839622	0.80771
3493		0.600936	0.0841595	0.80771
3494		0.601089	0.0843535	0.80771
3495		0.60124	0.0845443	0.80771
3496		0.601388	0.0847319	0.80771
3497		0.601534	0.0849164	0.80771
3498		0.601677	0.0850978	0.80771
3499		0.601818	0.0852762	0.80771
3500		0.601956	0.0854517	0.80771
3501		0.602093	0.0856243	0.80771
3502		0.602227	0.085794	0.80771
3503		0.602358	0.0859609	0.80771
3504		0.602488	0.0861251	0.80771
3505		0.602616	0.0862866	0.80771
3506		0.602741	0.0864454	0.80771
3507		0.602864	0.0866016	0.80771
3508		0.602986	0.0867553	0.80771
3509		0.603105	0.0869065	0.80771
3510		0.603222	0.0870552	0.80771
3511		0.603338	0.0872015	0.80771
3512		0.603452	0.0873455	0.80771
3513		0.603563	0.0874871	0.80771
3514		0.603673	0.0876265	0.80771
3515		0.603782	0.0877636	0.80771
3516		0.603888	0.0878985	0.80771
3517		0.603993	0.0880312	0.80771
3518		0.604096	0.0881618	0.80771
3519		0.604198	0.0882904	0.80771
3520		0.604297	0.0884169	0.80771
3521		0.604396	0.0885414	0.80771
3522		0.604492	0.088664	0.80771
3523		0.604588	0.0887846	0.80771
3524		0.604681	0.0889034	0.80771
3525		0.604774	0.0890203	0.80771
3526		0.604865	0.0891354	0.80771
3527		0.604954	0.0892487	0.80771
3528		0.605042	0.0893602	0.80771
3529		0.605129	0.0894701	0.80771
3530		0.605214	0.0895782	0.80771
3531		0.605298	0.0896847	0.80771
3532		0.605381	0.0897896	0.80771
3533		0.605463	0.089893	0.80771
3534		0.605543	0.0899947	0.80771
3535		0.605622	0.090095	0.80771
3536		0.6057	0.0901937	0.80771
3537		0.605777	0.090291	0.80771
3538		0.605853	0.0903869	0.80771
3539		0.605927	0.0904814	0.80771
3540		0.606001	0.0905745	0.80771
3541		0.606073	0.0906662	0.80771
3542		0.606145	0.0907567	0.80771
3543		0.606215	0.0908458	0.80771
3544		0.606284	0.0909337	0.80771
3545		0.606353	0.0910204	0.80771
3546		0.60642	0.0911058	0.80771
3547		0.606487	0.0911901	0.80771
3548		0.606552	0.0912732	0.80771
3549		0.606617	0.0913551	0.80771
3550		0.606681	0.091436	0.80771
3551		0.606744	0.0915158	0.80771
3552		0.606806	0.0915945	0.80771
3553		0.606868	0.0916722	0.80771
3554		0.606928	0.0917489	0.80771
3555		0.606988	0.0918246	0.80771
3556		0.607047	0.0918993	0.80771
3557		0.607105	0.0919731	0.80771
3558		0.607163	0.092046	0.80771
3559		0.607219	0.092118	0.80771
3560		0.607276	0.0921891	0.80771
3561		0.607331	0.0922593	0.80771
3562		0.607386	0.0923287	0.80771
3563		0.60744	0.0923973	0.80771
3564		0.607494	0.0924651	0.80771
3565		0.607546	0.0925322	0.80771
3566		0.607599	0.0925985	0.80771
3567		0.607651	0.092664	0.80771
3568		0.607702	0.0927289	0.80771
3569		0.607752	0.0927931	0.80771
3570		0.607803	0.0928566	0.80771
3571		0.607852	0.0929194	0.80771
3572		0.607901	0.0929816	0.80771
3573		0.60795	0.0930432	0.80771
3574		0.607998	0.0931042	0.80771
3575		0.608046	0.0931646	0.80771
3576		0.608093	0.0932245	0.80771
3577		0.60814	0.0932838	0.80771
3578		0.608186	0.0933427	0.80771
3579		0.608232	0.093401	0.80771
3580		0.608278	0.0934588	0.80771
3581		0.608323	0.0935161	0.80771
3582		0.608368	0.093573	0.80771
3583		0.608413	0.0936295	0.80771
3584		0.608457	0.0936856	0.80771
3585		0.608501	0.0937412	0.80771
3586		0.608545	0.0937965	0.80771
3587		0.608588	0.0938514	0.80771
3588		0.608631	0.093906	0.80771
3589		0.608674	0.0939602	0.80771
3590		0.608717	0.0940141	0.80771
3591		0.608759	0.0940677	0.80771
3592		0.608801	0.0941211	0.80771
3593		0.608843	0.0941741	0.80771
3594		0.608885	0.0942269	0.80771
3595		0.608926	0.0942795	0.80771
3596		0.608968	0.0943319	0.80771
3597		0.609009	0.094384	0.80771
3598		0.60905	0.094436	0.80771
3599		0.609091	0.0944878	0.80771
3600		0.609131	0.0945394	0.80771
3601		0.609172	0.0945909	0.80771
3602		0.609213	0.0946423	0.80771
3603		0.609253	0.0946936	0.80771
3604		0.609294	0.0947447	0.80771
3605		0.609334	0.0947958	0.80771
3606		0.609374	0.0948469	0.80771
3607		0.609415	0.0948979	0.80771
3608		0.609455	0.0949488	0.80771
3609		0.609495	0.0949998	0.80771
3610		0.609495	0.0949998	0.80771
3611		0.609535	0.0949488	0.80771
3612		0.609575	0.0948979	0.80771
3613		0.609616	0.0948469	0.80771
3614		0.609656	0.0947958	0.80771
3615		0.609696	0.0947447	0.80771
3616		0.609737	0.0946935	0.80771
3617		0.609777	0.0946423	0.80771
3618		0.609818	0.0945909	0.80771
3619		0.609858	0.0945394	0.80771
3620		0.609899	0.0944877	0.80771
3621		0.60994	0.0944359	0.80771
3622		0.609981	0.094384	0.80771
3623		0.610022	0.0943318	0.80771
3624		0.610064	0.0942795	0.80771
3625		0.610105	0.0942269	0.80771
3626		0.610147	0.0941741	0.80771
3627		0.610189	0.094121	0.80771
3628		0.610231	0.0940677	0.80771
3629		0.610273	0.094014	0.80771
3630		0.610316	0.0939601	0.80771
3631		0.610359	0.0939059	0.80771
3632		0.610402	0.0938513	0.80771
3633		0.610445	0.0937964	0.80771
3634		0.610489	0.0937412	0.80771
3635		0.610533	0.0936855	0.80771
3636		0.610577	0.0936294	0.80771
3637		0.610621	0.093573	0.80771
3638		0.610666	0.0935161	0.80771
3639		0.610712	0.0934587	0.80771
3640		0.610757	0.0934009	0.80771
3641		0.610803	0.0933426	0.80771
3642		0.61085	0.0932837	0.80771
3643		0.610897	0.0932244	0.80771
3644		0.610944	0.0931645	0.80771
3645		0.610992	0.0931041	0.80771
3646		0.61104	0.0930431	0.80771
3647		0.611088	0.0929815	0.80771
3648		0.611137	0.0929193	0.80771
3649		0.611187	0.0928564	0.80771
3650		0.611237	0.0927929	0.80771
3651		0.611288	0.0927288	0.80771
3652		0.611339	0.0926639	0.80771
3653		0.611391	0.0925984	0.80771
3654		0.611443	0.0925321	0.80771
3655		0.611496	0.092465	0.80771
3656		0.61155	0.0923972	0.80771
3657		0.611604	0.0923286	0.80771
3658		0.611659	0.0922592	0.80771
3659		0.611714	0.0921889	0.80771
3660		0.61177	0.0921178	0.80771
3661		0.611827	0.0920459	0.80771
3662		0.611885	0.091973	0.80771
3663		0.611943	0.0918992	0.80771
3664		0.612002	0.0918245	0.80771
3665		0.612062	0.0917488	0.80771
3666		0.612122	0.0916721	0.80771
3667		0.612183	0.0915944	0.80771
3668		0.612246	0.0915157	0.80771
3669		0.612309	0.0914359	0.80771
3670		0.612372	0.091355	0.80771
3671		0.612437	0.091273	0.80771
3672		0.612503	0.0911899	0.80771
3673		0.612569	0.0911056	0.80771
3674		0.612637	0.0910202	0.80771
3675		0.612705	0.0909335	0.80771
3676		0.612775	0.0908457	0.80771
3677		0.612845	0.0907565	0.80771
3678		0.612916	0.0906661	0.80771
3679		0.612989	0.0905743	0.80771
3680		0.613062	0.0904812	0.80771
3681		0.613137	0.0903867	0.80771
3682		0.613213	0.0902909	0.80771
3683		0.613289	0.0901936	0.80771
3684		0.613367	0.0900948	0.80771
3685		0.613446	0.0899946	0.80771
3686		0.613527	0.0898928	0.80771
3687		0.613608	0.0897895	0.80771
3688		0.613691	0.0896846	0.80771
3689		0.613775	0.089578	0.80771
3690		0.613861	0.0894699	0.80771
3691		0.613947	0.08936	0.80771
3692		0.614035	0.0892485	0.80771
3693		0.614125	0.0891352	0.80771
3694		0.614216	0.0890201	0.80771
3695		0.614308	0.0889032	0.80771
3696		0.614402	0.0887845	0.80771
3697		0.614497	0.0886638	0.80771
3698		0.614594	0.0885413	0.80771
3699		0.614692	0.0884167	0.80771
3700		0.614792	0.0882902	0.80771
3701		0.614893	0.0881617	0.80771
3702		0.614997	0.088031	0.80771
3703		0.615101	0.0878983	0.80771
3704		0.615208	0.0877634	0.80771
3705		0.615316	0.0876263	0.80771
3706		0.615426	0.0874869	0.80771
3707		0.615538	0.0873453	0.80771
3708		0.615652	0.0872014	0.80771
3709		0.615767	0.087055	0.80771
3710		0.615885	0.0869063	0.80771
3711		0.616004	0.0867551	0.80771
3712		0.616125	0.0866014	0.80771
3713		0.616249	0.0864452	0.80771
3714		0.616374	0.0862864	0.80771
3715		0.616501	0.0861249	0.80771
3716		0.616631	0.0859607	0.80771
3717		0.616763	0.0857938	0.80771
3718		0.616897	0.0856241	0.80771
3719		0.617033	0.0854515	0.80771
3720		0.617172	0.085276	0.80771
3721		0.617312	0.0850976	0.80771
3722		0.617456	0.0849162	0.80771
3723		0.617601	0.0847317	0.80771
3724		0.617749	0.0845441	0.80771
3725		0.6179	0.0843533	0.80771
3726		0.618053	0.0841593	0.80771
3727		0.618209	0.083962	0.80771
3728		0.618367	0.0837614	0.80771
3729		0.618529	0.0835573	0.80771
3730		0.618692	0.0833498	0.80771
3731		0.618859	0.0831387	0.80771
3732		0.619028	0.082924	0.80771
3733		0.619201	0.0827057	0.80771
3734		0.619376	0.0824836	0.80771
3735		0.619555	0.0822577	0.80771
3736		0.619736	0.082028	0.80771
3737		0.61992	0.0817943	0.80771
3738		0.620108	0.0815566	0.80771
3739		0.620299	0.0813148	0.80771
3740		0.620493	0.0810689	0.80771
3741		0.620691	0.0808187	0.80771
3742		0.620891	0.0805642	0.80771
3743		0.621096	0.0803054	0.80771
3744		0.621304	0.0800421	0.80771
3745		0.621515	0.0797742	0.80771
3746		0.62173	0.0795017	0.80771
3747		0.621949	0.0792245	0.80771
3748		0.622172	0.0789426	0.80771
3749		0.622398	0.0786557	0.80771
3750		0.622629	0.0783639	0.80771
3751		0.622863	0.078067	0.80771
3752		0.623101	0.077765	0.80771
3753		0.623344	0.0774578	0.80771
3754		0.623591	0.0771452	0.80771
3755		0.623842	0.0768272	0.80771
3756		0.624097	0.0765037	0.80771
3757		0.624357	0.0761746	0.80771
3758		0.624621	0.0758398	0.80771
3759		0.62489	0.0754991	0.80771
3760		0.625164	0.0751525	0.80771
3761		0.625442	0.0747999	0.80771
3762		0.625725	0.0744412	0.80771
3763		0.626014	0.0740762	0.80771
3764		0.626307	0.0737049	0.80771
3765		0.626605	0.0733271	0.80771
3766		0.626908	0.0729427	0.80771
3767		0.627217	0.0725516	0.80771
3768		0.627531	0.0721537	0.80771
3769		0.627851	0.0717489	0.80771
3770		0.628176	0.071337	0.80771
3771		0.628507	0.0709179	0.80771
3772		0.628844	0.0704915	0.80771
3773		0.629186	0.0700577	0.80771
3774		0.629535	0.0696163	0.80771
3775		0.629889	0.0691672	0.80771
3776		0.63025	0.0687102	0.80771
3777		0.630617	0.0682453	0.80771
3778		0.63099	0.0677722	0.80771
3779		0.63137	0.0672909	0.80771
3780		0.631757	0.0668011	0.80771
3781		0.63215	0.0663028	0.80771
3782		0.632551	0.0657958	0.80771
3783		0.632958	0.0652799	0.80771
3784		0.633372	0.064755	0.80771
3785		0.633794	0.0642209	0.80771
3786		0.634223	0.0636775	0.80771
3787		0.63466	0.0631245	0.80771
3788		0.635104	0.0625619	0.80771
3789		0.635556	0.0619894	0.80771
3790		0.636016	0.0614069	0.80771
3791		0.636484	0.0608142	0.80771
3792		0.63696	0.0602111	0.80771
3793		0.637444	0.0595975	0.80771
3794		0.637937	0.0589731	0.80771
3795		0.638439	0.0583378	0.80771
3796		0.638949	0.0576913	0.80771
3797		0.639468	0.0570335	0.80771
3798		0.639997	0.0563642	0.80771
3799		0.640534	0.0556831	0.80771
3800		0.641082	0.0549901	0.80771
3801		0.641638	0.054285	0.80771
3802		0.642204	0.0535677	0.80771
3803		0.64278	0.0528388	0.80771
3804		0.643364	0.0520987	0.80771
3805		0.643956	0.0513487	0.80771
3806		0.644555	0.05059	0.80771
3807		0.64516	0.049824	0.80771
3808		0.645769	0.0490524	0.80771
3809		0.646381	0.0482771	0.80771
3810		0.646995	0.0474998	0.80771
3811		0.647609	0.0467225	0.80771
3812		0.648221	0.0459471	0.80771
3813		0.64883	0.0451756	0.80771
3814		0.649435	0.0444096	0.80771
3815		0.650034	0.0436508	0.80771
3816		0.650626	0.0429008	0.80771
3817		0.65121	0.0421608	0.80771
3818		0.651786	0.0414318	0.80771
3819		0.652352	0.0407146	0.80771
3820		0.652908	0.0400094	0.80771
3821		0.653456	0.0393164	0.80771
3822		0.653993	0.0386354	0.80771
3823		0.654522	0.0379661	0.80771
3824		0.655041	0.0373083	0.80771
3825		0.655551	0.0366618	0.80771
3826		0.656053	0.0360265	0.80771
3827		0.656546	0.0354021	0.80771
3828		0.65703	0.0347884	0.80771
3829		0.657506	0.0341853	0.80771
3830		0.657974	0.0335926	0.80771
3831		0.658434	0.0330101	0.80771
3832		0.658886	0.0324376	0.80771
3833		0.65933	0.031875	0.80771
3834		0.659767	0.0313221	0.80771
3835		0.660196	0.0307786	0.80771
3836		0.660618	0.0302445	0.80771
3837		0.661032	0.0297196	0.80771
3838		0.661439	0.0292037	0.80771
3839		0.66184	0.0286967	0.80771
3840		0.662233	0.0281984	0.80771
3841		0.66262	0.0277087	0.80771
3842		0.663	0.0272273	0.80771
3843		0.663373	0.0267543	0.80771
3844		0.66374	0.0262893	0.80771
3845		0.664101	0.0258324	0.80771
3846		0.664455	0.0253833	0.80771
3847		0.664804	0.0249419	0.80771
3848		0.665146	0.024508	0.80771
3849		0.665483	0.0240816	0.80771
3850		0.665814	0.0236626	0.80771
3851		0.666139	0.0232507	0.80771
3852		0.666459	0.0228458	0.80771
3853		0.666773	0.022448	0.80771
3854		0.667082	0.0220569	0.80771
3855		0.667385	0.0216725	0.80771
3856		0.667683	0.0212947	0.80771
3857		0.667976	0.0209234	0.80771
3858		0.668265	0.0205584	0.80771
3859		0.668548	0.0201996	0.80771
3860		0.668826	0.019847	0.80771
3861		0.6691	0.0195005	0.80771
3862		0.669369	0.0191598	0.80771
3863		0.669633	0.018825	0.80771
3864		0.669893	0.0184958	0.80771
3865		0.670148	0.0181723	0.80771
3866		0.670399	0.0178543	0.80771
3867		0.670646	0.0175418	0.80771
3868		0.670889	0.0172345	0.80771
3869		0.671127	0.0169325	0.80771
3870		0.671361	0.0166357	0.80771
3871		0.671592	0.0163439	0.80771
3872		0.671818	0.016057	0.80771
3873		0.672041	0.015775	0.80771
3874		0.67226	0.0154978	0.80771
3875		0.672475	0.0152254	0.80771
3876		0.672686	0.0149575	0.80771
3877		0.672894	0.0146942	0.80771
3878		0.673099	0.0144353	0.80771
3879		0.673299	0.0141809	0.80771
3880		0.673497	0.0139307	0.80771
3881		0.673691	0.0136848	0.80771
3882		0.673882	0.013443	0.80771
3883		0.67407	0.0132053	0.80771
3884		0.674254	0.0129716	0.80771
3885		0.674436	0.0127419	0.80771
3886		0.674614	0.012516	0.80771
3887		0.674789	0.0122939	0.80771
3888		0.674962	0.0120756	0.80771
3889		0.675131	0.0118609	0.80771
3890		0.675298	0.0116498	0.80771
3891		0.675462	0.0114423	0.80771
3892		0.675623	0.0112382	0.80771
3893		0.675781	0.0110375	0.80771
3894		0.675937	0.0108402	0.80771
3895		0.67609	0.0106462	0.80771
3896		0.676241	0.0104555	0.80771
3897		0.676389	0.0102679	0.80771
3898		0.676534	0.0100834	0.80771
3899		0.676678	0.00990195	0.80771
3900		0.676818	0.00972354	0.80771
3901		0.676957	0.00954807	0.80771
3902		0.677093	0.00937551	0.80771
3903		0.677227	0.00920579	0.80771
3904		0.677359	0.00903887	0.80771
3905		0.677489	0.0088747	0.80771
3906		0.677616	0.00871322	0.80771
3907		0.677741	0.00855438	0.80771
3908		0.677865	0.00839814	0.80771
3909		0.677986	0.00824445	0.80771
3910		0.678106	0.00809327	0.80771
3911		0.678223	0.00794454	0.80771
3912		0.678338	0.00779823	0.80771
3913		0.678452	0.00765428	0.80771
3914		0.678564	0.00751266	0.80771
3915		0.678674	0.00737331	0.80771
3916		0.678782	0.00723621	0.80771
3917		0.678889	0.00710131	0.80771
3918		0.678993	0.00696856	0.80771
3919		0.679097	0.00683793	0.80771
3920		0.679198	0.00670937	0.80771
3921		0.679298	0.00658285	0.80771
3922		0.679396	0.00645833	0.80771
3923		0.679493	0.00633577	0.80771
3924		0.679588	0.00621514	0.80771
3925		0.679682	0.00609639	0.80771
3926		0.679774	0.00597949	0.80771
3927		0.679865	0.00586441	0.80771
3928		0.679955	0.00575111	0.80771
3929		0.680043	0.00563956	0.80771
3930		0.680129	0.00552971	0.80771
3931		0.680215	0.00542155	0.80771
3932		0.680299	0.00531504	0.80771
3933		0.680382	0.00521013	0.80771
3934		0.680463	0.00510681	0.80771
3935		0.680544	0.00500504	0.80771
3936		0.680623	0.00490479	0.80771
3937		0.680701	0.00480603	0.80771
3938		0.680778	0.00470873	0.80771
3939		0.680853	0.00461286	0.80771
3940		0.680928	0.00451839	0.80771
3941		0.681001	0.0044253	0.80771
3942		0.681074	0.00433354	0.80771
3943		0.681145	0.0042431	0.80771
3944		0.681216	0.00415395	0.80771
3945		0.681285	0.00406606	0.80771
3946		0.681353	0.00397941	0.80771
3947		0.681421	0.00389397	0.80771
3948		0.681487	0.0038097	0.80771
3949		0.681553	0.0037266	0.80771
3950		0.681618	0.00364462	0.80771
3951		0.681682	0.00356375	0.80771
3952		0.681745	0.00348397	0.80771
3953		0.681807	0.00340524	0.80771
3954		0.681868	0.00332755	0.80771
3955		0.681929	0.00325086	0.80771
3956		0.681988	0.00317517	0.80771
3957		0.682047	0.00310044	0.80771
3958		0.682106	0.00302665	0.80771
3959		0.682163	0.00295378	0.80771
3960		0.68222	0.0028818	0.80771
3961		0.682276	0.0028107	0.80771
3962		0.682332	0.00274046	0.80771
3963		0.682386	0.00267104	0.80771
3964		0.682441	0.00260244	0.80771
3965		0.682494	0.00253463	0.80771
3966		0.682547	0.00246759	0.80771
3967		0.682599	0.00240129	0.80771
3968		0.682651	0.00233573	0.80771
3969		0.682702	0.00227088	0.80771
3970		0.682753	0.00220671	0.80771
3971		0.682803	0.00214322	0.80771
3972		0.682853	0.00208037	0.80771
3973		0.682902	0.00201816	0.80771
3974		0.682951	0.00195656	0.80771
3975		0.682999	0.00189556	0.80771
3976		0.683046	0.00183513	0.80771
3977		0.683094	0.00177526	0.80771
3978		0.683141	0.00171592	0.80771
3979		0.683187	0.00165711	0.80771
3980		0.683233	0.0015988	0.80771
3981		0.683279	0.00154098	0.80771
3982		0.683324	0.00148363	0.80771
3983		0.683369	0.00142672	0.80771
3984		0.683414	0.00137025	0.80771
3985		0.683458	0.00131419	0.80771
3986		0.683502	0.00125854	0.80771
3987		0.683545	0.00120327	0.80771
3988		0.683589	0.00114836	0.80771
3989		0.683632	0.0010938	0.80771
3990		0.683675	0.00103957	0.80771
3991		0.683717	0.000985659	0.80771
3992		0.68376	0.000932046	0.80771
3993		0.683802	0.000878717	0.80771
3994		0.683844	0.000825655	0.80771
3995		0.683885	0.000772844	0.80771
3996		0.683927	0.000720267	0.80771
3997		0.683968	0.000667909	0.80771
3998		0.684009	0.000615754	0.80771
3999		0.68405	0.000563786	0.80771
4000		0.684091	0.000511989	0.80771
